0.0497032
0.0956055
0.13997
0.183653
0.224467
0.263044
0.301223
0.336117
0.368864
0.401664
0.433546
0.464058
0.492147
0.519714
0.544753
0.568207
0.589618
0.611138
0.631369
0.647931
0.665498
0.680784
0.695469
0.709926
0.723424
0.737778
0.751442
0.764571
0.77546
0.786861
0.798668
0.810292
0.820883
0.831096
0.840795
0.84802
0.856986
0.863364
0.869529
0.875779
0.880148
0.885469
0.89081
0.895587
0.899635
0.903951
0.907553
0.911456
0.917208
0.920314
0.925074
0.929529
0.935668
0.940227
0.945341
0.948792
0.952882
0.956754
0.96081
0.96536
0.966504
0.968
0.970986
0.973441
0.975052
0.976209
0.977069
0.978759
0.98043
0.980994
0.984069
0.984182
0.986825
0.988935
0.990679
0.990984
0.992546
0.992129
0.992958
0.993289
0.992995
0.992151
0.990796
0.989951
0.990446
0.991026
0.990978
0.99103
0.991408
0.992553
0.993775
0.995809
0.998028
1.00059
1.00205
1.00453
1.00523
1.00562
1.00676
1.00736
1.00573
1.00618
1.00601
1.00632
1.00622
1.00525
1.00425
1.00531
1.00542
1.00597
1.00595
1.00606
1.00627
1.00608
1.00503
1.00508
1.00647
1.00648
1.00578
1.00553
1.00391
1.00435
1.00347
1.00162
1.00022
0.998907
0.996786
0.99577
0.995343
0.993867
0.9912
0.989615
0.988143
0.987693
0.988527
0.989636
0.99094
0.993228
0.994472
0.996947
0.998214
1.0024
1.00426
1.0069
1.00725
1.00895
1.01065
1.01235
1.0138
1.01451
1.0145
1.01438
1.01465
1.01424
1.01327
1.01262
1.01099
1.01039
1.00849
1.00735
1.00765
1.00714
1.00674
1.00695
1.00537
1.00453
1.00448
1.00407
1.00471
1.00446
1.00248
1.00283
1.00225
1.00233
1.00272
1.00202
0.999864
1.00046
1.00153
1.00168
1.00127
0.99996
0.999601
0.999797
1.00055
1.00031
1.00064
0.998827
0.999505
0.998881
1.00008
0.999251
1.00061
1.00235
1.00447
1.0065
1.00734
1.00838
1.0079
1.00873
1.00792
1.00907
1.00948
1.00901
1.00844
1.00655
1.00606
1.00491
1.00478
1.00375
1.00267
1.00183
1.0016
1.00289
1.00267
1.00393
1.00343
1.00272
1.00235
1.0024
1.00341
1.00292
1.00443
1.0056
1.00729
1.00784
1.00782
1.00806
1.00737
1.0068
1.00671
1.00603
1.00863
1.00794
1.00752
1.00761
1.00747
1.00762
1.0085
1.00695
1.00501
1.00318
1.00363
1.00438
1.00546
1.00652
1.0071
1.00536
1.00308
1.00431
1.00413
1.00361
1.00259
1.00246
1.00161
1.00184
1.00189
1.00255
1.00188
1.00179
1.00233
1.00116
1.00275
1.00191
1.00058
0.998482
0.998692
0.997385
0.996858
0.99424
0.995574
0.995807
0.99516
0.996435
0.996838
0.997978
0.99937
1.00119
1.00062
0.999779
1.00033
0.999746
0.999048
0.999344
0.998422
1
0.999653
0.999726
0.999138
1.00023
1.00142
1.00072
1.00058
1.0021
1.00304
1.00249
1.00388
1.00442
1.00497
1.00606
1.00712
1.00746
1.00543
1.0055
1.00675
1.00682
1.00436
1.00316
1.00182
0.99976
0.99759
0.997308
0.995849
0.995743
0.995417
0.996715
0.997434
0.999679
1.00275
1.00515
1.00693
1.00951
1.01404
1.01508
1.01704
1.01724
1.01816
1.02069
1.02181
1.02048
1.02121
1.02103
1.02028
1.01996
1.02151
1.02187
1.02
1.02159
1.02201
1.02062
1.01865
1.01661
1.01455
1.01311
1.01224
1.01065
1.00709
1.00289
1.00054
0.996996
0.998865
0.998452
0.998837
0.999469
0.996949
0.996017
0.997893
0.997233
0.998517
0.998816
1.00028
0.999903
1.00005
0.999331
0.998977
0.996698
0.995047
0.997427
0.99727
0.996817
0.997772
0.99927
1.00023
0.999391
1.00101
1.00148
1.00242
1.00385
1.00484
1.00541
1.00594
1.00791
1.01003
1.01179
1.01138
1.01016
1.00786
1.00846
1.00868
1.00713
1.00677
1.00553
1.00496
1.00267
1.00343
1.00277
1.00238
1.00161
1.00116
1.00089
1.00002
1.00058
0.996398
0.994882
0.996391
0.995847
0.996701
0.998301
0.998675
0.996642
0.993803
0.991702
0.992582
0.996941
0.998825
0.998793
0.99864
0.998544
0.99793
1.00126
1.00387
1.00416
1.00352
1.00517
1.00332
1.00306
1.00622
1.0066
1.00607
1.00572
1.00475
1.00769
1.0113
1.00962
1.00826
1.00854
1.01056
1.01147
1.0123
1.01331
1.0127
1.01071
1.01191
1.01485
1.01804
1.02055
1.02341
1.01965
1.01923
1.01608
1.01463
1.01448
1.01569
1.01271
1.01128
1.00993
1.00996
1.01119
1.01386
1.01371
1.01487
1.01532
1.01609
1.01643
1.01711
1.01809
1.01956
1.01779
1.01739
1.01724
1.01727
1.01472
1.01218
1.01117
1.00926
1.00971
1.0077
1.00767
1.0074
1.00535
1.0025
1.00053
0.998251
0.995386
0.995502
0.995646
0.994418
0.991669
0.990345
0.988782
0.990666
0.992808
0.991033
0.990838
0.990956
0.990194
0.988844
0.992623
0.99211
0.992842
0.99211
0.991503
0.99038
0.991933
0.991201
0.989454
0.988417
0.986066
0.983477
0.986142
0.987642
0.987497
0.990683
0.989766
0.986404
0.987071
0.989973
0.991575
0.992625
0.993923
0.993584
0.995633
0.996486
0.995994
0.997285
0.998404
0.998001
0.997065
0.995397
0.994546
0.992708
0.990433
0.991699
0.989231
0.98927
0.987565
0.987554
0.989078
0.991206
0.990781
0.992469
0.995372
0.995075
0.996031
0.994962
0.994592
0.996087
0.993114
0.991578
0.993614
0.99403
0.993998
0.995674
0.996018
0.995379
0.997769
0.99812
1.00035
1.0028
1.0047
1.00389
1.00345
1.00385
1.00253
1.00188
1.00118
1.00148
1.00007
0.997451
0.995379
0.994649
0.994467
0.992674
0.993742
0.992481
0.991552
0.991783
0.988815
0.988041
0.988134
0.985005
0.984309
0.986513
0.985159
0.983975
0.983814
0.985976
0.986782
0.987766
0.98945
0.991496
0.993171
0.994798
0.998618
0.999701
1.00183
1.0055
1.00804
1.0095
1.01218
1.01609
1.01999
1.02457
1.02494
1.02405
1.02468
1.02386
1.02296
1.0221
1.02062
1.01906
1.01773
1.01699
1.0135
1.01072
1.00633
1.00321
0.999394
0.996386
0.993005
0.991315
0.990069
0.988381
0.985837
0.985068
0.982266
0.980675
0.979892
0.980557
0.981807
0.98258
0.986776
0.991207
0.994622
0.996786
0.999157
1.00501
1.01163
1.01514
1.01776
1.01798
1.01979
1.01968
1.02203
1.02272
1.02195
1.02307
1.02215
1.01899
1.01697
1.01424
1.0117
1.01027
1.00802
1.00474
1.00515
1.0059
1.00595
1.0075
1.00767
1.00956
1.00679
1.00722
1.0076
1.00574
1.00653
1.00725
1.0056
1.00696
1.00988
1.00907
1.01057
1.01261
1.01174
1.01211
1.01452
1.01521
1.01316
1.0137
1.01212
1.00987
1.01043
1.0088
1.00756
1.00524
1.00461
0.999634
0.997373
0.996285
0.995309
0.994691
0.993299
0.991509
0.992074
0.991654
0.991336
0.991979
0.992281
0.992416
0.99294
0.994717
0.995532
0.995489
0.99802
0.997935
0.999022
1.00235
1.00176
1.00237
1.00177
1.00215
0.998978
0.999281
1.00136
1.00196
0.999666
0.998455
0.998168
0.99607
0.996831
1.00121
1.00274
1.00302
1.00242
1.00175
1.0046
1.00649
1.00849
1.00763
1.00957
1.01043
1.01114
1.0093
1.00887
1.00817
1.00816
1.0079
1.00974
1.0102
1.01065
1.00878
1.00618
1.00429
1.00437
1.00357
1.00123
0.999781
0.997586
0.993849
0.995717
0.997939
0.999476
0.998852
0.995934
0.994786
0.99517
0.995905
0.998315
1.00146
1.00346
1.00616
1.00427
1.00468
1.00796
1.012
1.01547
1.01775
1.01726
1.01879
1.01871
1.01767
1.02001
1.02175
1.0203
1.02087
1.02128
1.02209
1.02096
1.02037
1.01968
1.01634
1.01383
1.01043
1.00864
1.00614
1.00407
1.00249
0.999067
0.995943
0.991402
0.983691
0.983065
0.978482
0.977712
0.978711
0.978212
0.976063
0.976632
0.976293
0.977233
0.980779
0.982502
0.987672
0.989088
0.990999
0.993271
0.994663
0.994961
0.995528
0.993061
0.990578
0.990805
0.990747
0.991785
0.99605
0.997455
0.996762
0.999316
0.999314
1.00243
1.00686
1.00839
1.00799
1.00907
1.01023
1.01148
1.01256
1.01385
1.01366
1.01288
1.01361
1.01529
1.01715
1.02061
1.02485
1.02142
1.0198
1.02083
1.01966
1.01987
1.01855
1.01648
1.0138
1.00958
1.00929
1.00845
1.00617
1.00499
1.00476
1.00513
1.00387
1.00513
1.00366
1.00144
1.00216
1.00371
1.00451
1.00598
1.00925
1.0102
1.00989
1.0096
1.01432
1.01338
1.0134
1.01476
1.01332
1.01313
1.01437
1.01473
1.01372
1.01467
1.01305
1.01126
1.01078
1.01284
1.01399
1.01264
1.01438
1.01535
1.01592
1.01377
1.01181
1.0113
1.00961
1.00611
1.00395
0.999563
0.995796
0.991948
0.98879
0.987413
0.987458
0.986918
0.98517
0.983463
0.979429
0.980026
0.980427
0.977595
0.976643
0.97931
0.979419
0.980962
0.98434
0.985753
0.988066
0.988645
0.987933
0.988431
0.991259
0.992116
0.994026
0.993911
0.995813
0.998144
0.99712
1.00067
1.00232
1.00456
1.00478
1.00607
1.00722
1.00869
1.00789
1.00838
1.00734
1.00432
1.00376
0.998435
0.994347
0.991879
0.990523
0.986794
0.985873
0.98352
0.982812
0.985407
0.987191
0.989978
0.992612
0.993378
0.990332
0.987475
0.988905
0.990753
0.988649
0.987991
0.986746
0.982357
0.977717
0.971509
0.966607
0.962996
0.963121
0.961468
0.958889
0.958648
0.960745
0.959541
0.96092
0.962646
0.959293
0.958841
0.955174
0.955719
0.95919
0.962019
0.963117
0.968916
0.972657
0.975012
0.981381
0.986241
0.993529
1.00322
1.01611
1.0262
1.03617
1.04248
1.04726
1.05265
1.06465
1.07311
1.07916
1.08604
1.09247
1.09794
1.09589
1.09111
1.08869
1.08358
1.07639
1.06601
1.05751
1.05096
1.04817
1.04423
1.04165
1.04083
1.03673
1.03561
1.03609
1.03445
1.0334
1.02855
1.02988
1.02642
1.02553
1.02612
1.02997
1.02654
1.02768
1.02638
1.02777
1.03208
1.03041
1.02952
1.02698
1.02726
1.0294
1.03315
1.03477
1.03305
1.03055
1.02872
1.0303
1.03002
1.03093
1.02992
1.02824
1.02588
1.02344
1.02111
1.0198
1.01699
1.01496
1.01303
1.01006
1.00683
1.00597
1.00304
1.00084
1.00151
1.00055
0.999993
0.99804
0.997128
0.993131
0.990009
0.986755
0.982767
0.979935
0.977385
0.979226
0.97698
0.973705
0.97342
0.972842
0.973104
0.97612
0.979173
0.982926
0.985282
0.988983
0.992887
0.994554
1.00025
1.00609
1.01039
1.01596
1.0216
1.02762
1.03347
1.03928
1.04042
1.04324
1.04656
1.04804
1.04582
1.04313
1.04032
1.03835
1.03659
1.03216
1.02823
1.02364
1.02146
1.01802
1.01681
1.01331
1.0127
1.00978
1.00581
1.00012
0.995676
0.992389
0.991005
0.985228
0.980404
0.975686
0.974356
0.975151
0.976283
0.976888
0.976368
0.97832
0.980569
0.983813
0.990407
0.995864
1.00345
1.01065
1.01727
1.01956
1.0262
1.03038
1.03481
1.0389
1.04122
1.04133
1.04352
1.04552
1.04881
1.0525
1.05492
1.0535
1.05227
1.05038
1.0487
1.04594
1.04275
1.03942
1.03692
1.03322
1.0278
1.02249
1.01726
1.0124
1.00913
1.00352
0.999943
0.995705
0.994693
0.992801
0.994156
0.992241
0.991064
0.989985
0.989719
0.987206
0.985816
0.985278
0.983086
0.98284
0.981578
0.979172
0.978489
0.978797
0.980581
0.981549
0.984188
0.987159
0.98826
0.989569
0.99278
0.993708
0.996558
1.00099
1.00488
1.00877
1.01029
1.01156
1.01417
1.01482
1.01612
1.01547
1.01523
1.01577
1.01506
1.01532
1.01424
1.01386
1.0116
1.01252
1.01184
1.01033
1.00863
1.00734
1.00757
1.00834
1.00961
1.01141
1.01455
1.01707
1.02108
1.0197
1.01974
1.02019
1.01878
1.01679
1.01388
1.01206
1.00847
1.00423
0.998694
0.994931
0.992028
0.988561
0.98635
0.983944
0.97901
0.974414
0.971262
0.97101
0.973599
0.97422
0.975756
0.976173
0.978425
0.980128
0.982623
0.985526
0.990731
0.994071
0.998217
1.00264
1.00349
1.00299
1.00145
1.00583
1.0113
1.01618
1.02073
1.02513
1.02832
1.02949
1.03169
1.03446
1.03528
1.03571
1.03021
1.02924
1.0266
1.02303
1.01726
1.01362
1.00883
1.00501
1.00372
1.00015
0.998899
0.995091
0.99224
0.987821
0.985235
0.984065
0.98261
0.980515
0.980437
0.980615
0.98049
0.980928
0.98039
0.98171
0.985575
0.987487
0.991964
0.996476
1.00271
1.00447
1.00666
1.01128
1.01637
1.02285
1.02641
1.02815
1.02799
1.02786
1.0278
1.02581
1.02616
1.0263
1.02575
1.02428
1.02165
1.0199
1.01796
1.01849
1.01563
1.01347
1.01083
1.00912
1.00684
1.00571
1.0031
1.00115
0.998791
0.998496
1.00012
1.00012
1.0013
1.00126
1.00157
1.00368
1.0068
1.01111
1.01254
1.01515
1.02026
1.02558
1.0289
1.03343
1.03253
1.03216
1.03015
1.02706
1.02455
1.0215
1.01761
1.01455
1.00941
1.00621
1.00472
1.00455
1.00564
1.0049
1.00406
1.00568
1.00656
1.00649
1.00704
1.00807
1.01003
1.00998
1.0079
1.0089
1.01009
1.01181
1.01405
1.01612
1.01884
1.02196
1.02473
1.02485
1.02504
1.02553
1.02653
1.0268
1.02661
1.02709
1.02682
1.02664
1.02641
1.02725
1.02639
1.02466
1.023
1.02011
1.01621
1.01364
1.01127
1.00992
1.01089
1.00966
1.00825
1.0082
1.00663
1.00483
1.00588
1.0067
1.00418
1.00492
1.00253
0.999436
1.00012
1.00169
0.999952
1.00061
1.00212
1.0017
0.999748
0.999969
1.00128
1.00276
1.00689
1.00953
1.01167
1.01526
1.02123
1.02423
1.0261
1.02827
1.0323
1.03307
1.03593
1.03631
1.03346
1.03286
1.03328
1.03298
1.03156
1.03029
1.02987
1.0276
1.02729
1.02942
1.02826
1.0266
1.02547
1.02373
1.02097
1.01788
1.01428
1.01064
1.00735
1.00507
1.00204
0.998889
0.996257
0.993801
0.991164
0.989483
0.988708
0.987247
0.98539
0.984696
0.984429
0.984754
0.986733
0.989685
0.993016
0.997285
1.00173
1.0059
1.00974
1.01389
1.01854
1.02476
1.03011
1.03265
1.03464
1.03611
1.03733
1.03708
1.03682
1.03517
1.03464
1.03499
1.03569
1.03626
1.03845
1.04084
1.04343
1.04665
1.04823
1.04929
1.05054
1.05273
1.05331
1.05155
1.05055
1.05193
1.05315
1.05316
1.05148
1.04933
1.04637
1.04395
1.04105
1.03918
1.03648
1.03403
1.03207
1.0296
1.02615
1.02293
1.01929
1.01724
1.01632
1.01506
1.01334
1.01106
1.01183
1.01283
1.0148
1.01607
1.01669
1.01751
1.02039
1.0216
1.02231
1.02272
1.0228
1.02398
1.02452
1.02344
1.02183
1.02128
1.02039
1.01907
1.01781
1.01666
1.01438
1.01266
1.01137
1.00967
1.00757
1.00705
1.00647
1.00589
1.00395
1.00369
1.003
1.00263
1.00228
1.00179
1.00166
1.00231
1.00212
1.00191
1.00245
1.00208
1.00159
1.00275
1.00236
1.00134
1.00207
1.0033
1.00365
1.00383
1.00394
1.00471
1.00561
1.00575
1.00599
1.00659
1.00661
1.0059
1.00541
1.00532
1.00392
1.00403
1.00348
1.00266
1.00264
1.00248
1.00166
1.00154
1.00103
1.00035
0.999865
0.998856
0.998069
0.99671
0.995866
0.995375
0.994339
0.993083
0.99189
0.990487
0.990212
0.99018
0.990695
0.991619
0.992384
0.992502
0.992092
0.99231
0.993298
0.995357
0.996698
0.997803
0.998662
0.998961
1.00003
1.00194
1.00306
1.00435
1.00511
1.00688
1.00804
1.0089
1.0089
1.0096
1.00996
1.01025
1.01081
1.01125
1.0118
1.01148
1.01133
1.01059
1.01051
1.01047
1.00946
1.00955
1.00923
1.00774
1.00722
1.00667
1.00505
1.00381
1.00377
1.00254
1.00203
1.00287
1.00286
1.00183
1.00155
1.00212
1.00192
1.00123
1.00116
0.999963
0.998378
0.999146
1.00035
0.998288
0.998482
0.998672
0.998014
0.999002
0.999585
0.999528
1.00025
1.00191
1.00303
1.0043
1.00387
1.00398
1.00508
1.00533
1.00536
1.0059
1.0053
1.00599
1.00559
1.00561
1.00612
1.00605
1.00604
1.00713
1.00632
1.006
1.00531
1.00528
1.00518
1.00477
1.00605
1.00519
1.00409
1.00396
1.00347
1.00407
1.00459
1.00407
1.00385
1.00354
1.00423
1.00379
1.00387
1.0033
1.00192
1.00314
1.00191
1.00299
1.00133
1.00254
1.00195
1.00015
1.00191
1.00077
1.00204
1.00197
1.00199
1.00325
1.00349
1.00457
1.00462
1.00544
1.00458
1.00447
1.00474
1.00398
1.00517
1.0058
1.00603
1.00503
1.00508
1.00401
1.00349
1.00487
1.00481
1.00557
1.00406
1.00378
1.00396
1.00363
1.00468
1.00573
1.00638
1.00676
1.00713
1.00816
1.00818
1.00961
1.01087
1.01142
1.01136
1.00975
1.01021
1.0112
1.01122
1.0102
1.00926
1.00963
1.00863
1.00846
1.0073
1.00705
1.00723
1.00623
1.00585
1.00575
1.00576
1.00608
1.0059
1.00606
1.00643
1.0065
1.0071
1.00828
1.00851
1.00901
1.01038
1.01039
1.01065
1.0115
1.01085
1.01075
1.01085
1.00999
1.01084
1.01137
1.01051
1.01153
1.01195
1.01115
1.01083
1.01088
1.01103
1.0119
1.01171
1.01122
1.0113
1.01248
1.01165
1.01225
1.01257
1.01163
1.01157
1.01092
1.00917
1.00861
1.00849
1.00628
1.00471
1.00357
1.00236
1.00118
0.999681
0.997287
0.997408
0.997288
0.996109
0.996892
0.99682
0.995598
0.995755
0.996108
0.996987
0.998453
0.999562
0.999964
1.00022
1.0011
1.00143
1.00161
1.00321
1.00389
1.00344
1.0036
1.00379
1.00272
1.00316
1.00364
1.00229
1.0032
1.0038
1.00333
1.00301
1.0034
1.00401
1.00282
1.00247
1.00232
1.00208
1.00207
1.00229
1.00174
1.00087
1.00186
1.00246
1.00225
1.00198
1.00233
1.00184
1.00245
1.00331
1.00323
1.00293
1.00419
1.00397
1.0036
1.00295
1.00327
1.00305
1.0035
1.00356
1.00252
1.00184
1.00166
1.00047
0.999165
0.998514
0.998878
0.998065
0.997782
0.997983
0.997487
0.997406
0.99833
0.998678
0.998664
0.998408
0.998723
0.99895
1.00044
1.00056
0.999669
0.999029
0.999187
0.999364
0.99927
0.999304
0.99913
1.0003
1.0012
1.00239
1.00266
1.00396
1.00556
1.00615
1.00649
1.00775
1.00764
1.00833
1.00796
1.00945
1.00771
1.00696
1.00542
1.00463
1.00393
1.00293
1.00203
1.00153
1.00031
0.999742
0.998644
0.998441
0.997964
0.998239
0.998121
0.998373
0.998401
0.997934
0.998887
0.999005
1.00003
1.00028
1.00168
1.00242
1.00158
1.00205
1.00225
1.00275
1.00239
1.00217
1.00041
0.99996
1.00048
0.99999
0.999685
1.00011
1.00084
1.00071
1.00104
1.00143
1.00196
1.00187
1.00271
1.00487
1.00532
1.00511
1.00427
1.00494
1.00406
1.004
1.00383
1.0033
1.00326
1.00237
1.00291
1.00248
1.00229
1.00271
1.00255
1.00258
1.00308
1.00408
1.0045
1.00482
1.00394
1.00502
1.00362
1.0039
1.00335
1.00409
1.00423
1.00315
1.00331
1.00315
1.00384
1.00291
1.00346
1.00398
1.00454
1.00438
1.00568
1.00474
1.00443
1.0048
1.0039
1.00355
1.00358
1.00266
1.00081
1.00039
0.999199
0.9988
0.998395
0.998326
0.996052
0.995614
0.994148
0.994281
0.993729
0.993313
0.993004
0.994349
0.99501
0.995738
0.99612
0.997873
0.997665
0.999266
0.999283
1.00102
1.0014
1.00254
1.00178
1.00136
1.0009
1.00073
1.00165
1.00223
1.00262
1.00219
1.00121
1.00203
1.00109
1.00152
1.00013
0.999854
0.998973
0.999398
0.999032
0.999561
0.999342
0.999786
1.00052
1.00175
1.0041
1.00506
1.00599
1.00685
1.00739
1.00749
1.00838
1.00726
1.00699
1.006
1.00494
1.00567
1.00543
1.00459
1.00414
1.00364
1.00251
1.00151
1.00166
1.00243
1.00312
1.00227
1.00349
1.00324
1.00364
1.00381
1.00408
1.00586
1.00621
1.00548
1.00554
1.00648
1.00642
1.00581
1.00664
1.0058
1.00603
1.00525
1.00451
1.00422
1.00326
1.0026
1.00192
1.00138
0.999816
0.999164
1.00099
1.00034
1.00036
0.999087
0.999703
1.00073
1.00059
1.00026
1.00025
1.00049
1.002
1.00253
1.00304
1.00297
1.00242
1.00393
1.00353
1.00309
1.00382
1.00442
1.00456
1.00404
1.0042
1.00489
1.0033
1.00314
1.00279
1.0014
1.00011
0.998663
0.997498
0.998267
0.99775
0.996713
0.996599
0.995695
0.995054
0.996153
0.995658
0.995611
0.9951
0.994988
0.994731
0.993488
0.99456
0.994885
0.994933
0.996443
0.997258
0.997258
0.997845
0.998278
0.998012
0.998495
0.998135
0.99862
0.999684
1.00157
1.0019
1.00318
1.00311
1.00109
1.00172
1.00168
1.00221
1.00216
1.00224
1.00294
1.0027
1.00348
1.00458
1.00514
1.00538
1.00593
1.00589
1.00555
1.00535
1.00451
1.0051
1.00324
1.00276
1.00214
1.00206
1.00247
1.00237
1.00178
1.00257
1.00203
1.00174
1.00241
1.00417
1.00446
1.00572
1.00672
1.0082
1.01069
1.01169
1.01124
1.01102
1.01145
1.01212
1.01125
1.01036
1.00835
1.00586
1.00456
1.00475
1.00437
1.00444
1.00454
1.00478
1.00529
1.00501
1.00578
1.00677
1.00727
1.00706
1.00735
1.00646
1.00467
1.00428
1.00395
1.00343
1.00543
1.00678
1.00775
1.00794
1.00797
1.00694
1.00764
1.00804
1.00836
1.00841
1.00879
1.00869
1.00872
1.00998
1.01114
1.01071
1.01125
1.01123
1.01098
1.00813
1.00663
1.00545
1.00401
1.00357
1.00261
1.00066
1.00059
1.00029
0.999667
0.999594
0.99894
0.999024
0.997704
0.996836
0.996122
0.995518
0.995316
0.994069
0.993213
0.993315
0.994605
0.9968
0.998658
0.998858
0.996793
0.993997
0.992338
0.992487
0.996096
0.997323
0.996829
0.99785
0.997953
0.996477
0.994735
0.994181
0.995947
0.998446
0.998686
0.998013
0.999139
1.00087
1.00292
1.00457
1.00686
1.0096
1.01072
1.01058
1.01103
1.0119
1.01307
1.01349
1.01545
1.01494
1.01415
1.01434
1.01597
1.01808
1.01777
1.01516
1.00993
1.00626
1.0041
1.00236
1.00196
1.00235
1.00176
1.00046
1.00073
1.00034
0.999639
1.0011
1.00454
1.00715
1.00952
1.00952
1.00854
1.00854
1.00877
1.01032
1.013
1.01692
1.01905
1.02198
1.02452
1.02505
1.02427
1.02305
1.02302
1.02428
1.02754
1.02906
1.02979
1.02889
1.02707
1.02448
1.02232
1.02164
1.0215
1.02112
1.02019
1.01721
1.01273
1.0079
1.0049
1.00256
1.00003
0.995448
0.990598
0.986124
0.982398
0.979045
0.976589
0.973079
0.970908
0.968006
0.964308
0.961684
0.963181
0.962341
0.962653
0.964283
0.965623
0.970153
0.973416
0.977415
0.980799
0.983505
0.987658
0.991926
0.99559
1.0002
0.999904
0.999988
1.0013
1.0052
1.00681
1.00758
1.0101
1.01377
1.01775
1.019
1.01995
1.01888
1.01765
1.01355
1.00701
1.00206
0.9993
0.998517
0.995922
0.994598
0.993173
0.993743
0.994974
0.996245
0.994846
0.994143
0.997428
0.998766
1.0008
1.00454
1.00729
1.00507
1.00409
1.00583
1.00779
1.01072
1.01276
1.01033
1.00703
1.00719
1.00798
1.01035
1.01216
1.01364
1.01239
1.01184
1.01133
1.01135
1.01353
1.01414
1.01436
1.01326
1.0129
1.01087
1.00718
1.00494
1.00304
1.00201
1.00191
1.00028
0.998701
0.99598
0.99571
0.996551
0.996726
0.996309
0.995176
0.995151
0.992284
0.991344
0.99257
0.992461
0.991328
0.988926
0.988576
0.989212
0.989833
0.990795
0.990071
0.990735
0.990667
0.991008
0.993191
0.99357
0.994028
0.994594
0.995963
0.996762
0.996505
0.998215
0.999834
1.00202
1.00424
1.00421
1.00672
1.00791
1.00826
1.00844
1.00826
1.00958
1.01013
1.0116
1.014
1.01568
1.01774
1.01892
1.0174
1.01515
1.01247
1.01072
1.01302
1.01542
1.01659
1.01545
1.01496
1.0087
1.00648
1.00418
1.00941
1.01211
1.01524
1.01575
1.00977
1.00945
1.01244
1.01267
1.01465
1.01962
1.02756
1.02423
1.02006
1.01584
1.01347
1.01267
1.01252
1.01164
1.01031
1.00413
1.0028
1.00135
0.994859
0.990619
0.993133
1.00053
1.00182
0.999883
0.99054
0.99856
1.00553
1.00012
1.00743
1.01079
1.01174
1.01125
1.00822
1.00988
1.01085
1.0125
1.01104
1.0123
1.01173
1.01159
1.01096
1.01123
1.01236
1.01351
1.01377
1.01312
1.01117
1.00879
1.00663
1.00643
1.00474
1.00305
1.00219
1.00203
1.00258
1.00283
1.00278
1.0023
1.00324
1.00462
1.0059
1.0075
1.00647
1.00503
1.00532
1.00674
1.0063
1.00669
1.00559
1.00429
1.00173
1.00057
0.99987
1.00098
1.00243
1.00317
1.00414
1.00452
1.00608
1.00791
1.01027
1.01184
1.01103
1.00889
1.00775
1.00833
1.00936
1.01
1.01097
1.01274
1.01428
1.01608
1.018
1.02087
1.02555
1.02877
1.02967
1.02891
1.02866
1.03032
1.03042
1.02893
1.02605
1.02289
1.02056
1.01796
1.01381
1.01003
1.00696
1.00319
0.999582
0.996964
0.994601
0.992747
0.989383
0.986974
0.986234
0.985766
0.98635
0.988989
0.990506
0.993609
0.992827
0.990406
0.987079
0.983883
0.982236
0.981387
0.980748
0.97827
0.976863
0.97685
0.978284
0.980506
0.98343
0.985871
0.987764
0.987639
0.988135
0.988803
0.991872
0.994279
0.996219
0.997027
0.997431
0.997356
0.998224
0.997358
0.998956
1.00118
1.00136
1.00145
1.00041
0.997909
0.99548
0.995048
0.995335
0.996185
0.995635
0.994321
0.991743
0.991054
0.990693
0.99298
0.996853
0.998631
1.00063
1.00174
1.00336
1.00574
1.00861
1.01234
1.01551
1.01892
1.02103
1.02207
1.02385
1.0256
1.02648
1.02596
1.02573
1.02511
1.02541
1.02486
1.0243
1.02479
1.025
1.02596
1.02584
1.02605
1.02612
1.02594
1.02482
1.02492
1.02512
1.02405
1.02413
1.02067
1.01802
1.01555
1.01382
1.01157
1.01026
1.00903
1.00791
1.00765
1.00584
1.00374
1.00278
1.00333
1.00379
1.00328
1.00458
1.00565
1.00673
1.0088
1.00906
1.01024
1.01036
1.00972
1.00876
1.00686
1.005
1.0019
0.998456
0.99634
0.995469
0.993238
0.989404
0.986429
0.982841
0.979034
0.977182
0.977658
0.980107
0.982678
0.987395
0.992622
0.997826
0.994436
0.994151
0.994945
0.996662
0.998616
1.00082
1.00125
0.999635
1.00011
1.00124
1.00377
1.00757
1.0101
1.0104
1.01095
1.00841
1.00717
1.00701
1.00777
1.00894
1.00709
1.00386
0.998671
0.994457
0.990601
0.989394
0.988823
0.988435
0.989491
0.991418
0.991889
0.991181
0.992019
0.993815
0.9947
0.995632
0.997709
0.999531
1.00242
1.00498
1.00882
1.01247
1.01347
1.01546
1.01893
1.0194
1.01877
1.01715
1.01631
1.01583
1.01679
1.01643
1.01423
1.01184
1.00886
1.00552
1.00286
1.00045
0.999028
0.998164
0.997551
0.995954
0.995646
0.993757
0.992987
0.992414
0.990973
0.990722
0.991585
0.992381
0.99379
0.995122
0.996287
0.997085
0.997307
0.997839
1.00571
1.02361
1.0524
1.0873
1.06816
1.05193
1.01273
1.00096
1.01219
1.03715
1.04233
1.02036
0.974214
0.965408
0.950389
0.973579
0.996631
0.993917
0.983106
0.964147
0.955864
0.951156
0.967365
0.978645
0.977979
0.991693
0.999832
0.989814
0.978948
0.975397
1.0117
1.01807
1.03044
1.03554
1.03632
1.03309
1.02937
1.03685
1.04452
1.04239
1.04113
1.04101
1.04038
1.03464
1.0309
1.02481
1.0207
1.02023
1.02116
1.01928
1.0148
1.01161
1.01039
1.00984
1.01012
1.01033
1.01081
1.01286
1.01466
1.01339
1.01268
1.00993
1.00734
1.00469
1.00155
0.999591
0.996485
0.99518
0.99494
0.995885
0.99412
0.9945
0.994639
0.996115
0.997429
0.99771
0.99687
0.996617
0.996582
0.996785
0.997158
0.997277
0.996922
0.995548
0.995336
0.995597
0.996701
0.998823
1.00208
1.0045
1.00582
1.00479
1.00363
1.00396
1.0041
1.00441
1.00279
1.00266
1.00217
1.00041
0.998599
0.995885
0.992905
0.989165
0.98363
0.97839
0.974183
0.971279
0.972299
0.972057
0.972963
0.973845
0.97344
0.974245
0.977207
0.980695
0.987544
0.992084
0.994304
0.996667
1.00018
1.00224
1.0028
1.00256
1.00302
1.00446
1.00606
1.00533
1.00375
1.00376
1.00445
1.0046
1.0048
1.00247
1.00139
1.00005
1.00127
1.00129
1.00279
1.00476
1.00724
1.00925
1.01027
1.01222
1.01205
1.01064
1.00842
1.00859
1.00528
1.00093
0.996472
0.992807
0.991491
0.993278
0.99466
0.996414
0.999351
1.0043
1.00976
1.0142
1.01954
1.02516
1.02891
1.03089
1.03225
1.03322
1.03437
1.03459
1.03355
1.03237
1.03101
1.02892
1.0268
1.02594
1.0253
1.02328
1.02047
1.01857
1.01699
1.01435
1.01238
1.01048
1.00989
1.01018
1.00992
1.00885
1.00896
1.00771
1.00712
1.00595
1.00522
1.00623
1.00791
1.00814
1.00839
1.00915
1.00745
1.00721
1.00678
1.00753
1.00781
1.00672
1.00325
1.00109
1.00034
0.999815
1.00043
1.00107
1.00154
1.00164
1.00131
1.00367
1.00601
1.00823
1.01032
1.01124
1.01266
1.01562
1.01693
1.01884
1.02065
1.02127
1.02033
1.02054
1.01974
1.01793
1.01607
1.01496
1.01381
1.01153
1.01081
1.00804
1.00629
1.00216
0.998782
0.995095
0.992514
0.9909
0.989564
0.988565
0.987108
0.987992
0.987877
0.989032
0.987262
0.985676
0.982798
0.984618
0.98661
0.987918
0.988244
0.987749
0.989908
0.992153
0.995603
0.997597
0.997711
0.999856
1.00192
1.00207
1.00167
1.00359
1.00548
1.00542
1.00409
1.0048
1.00444
1.00515
1.00383
0.999292
0.995874
0.993371
0.994664
0.993331
0.992338
0.991027
0.991281
0.993417
0.994332
0.997154
0.998461
0.997714
0.998119
0.998372
1.00135
1.0039
1.00761
1.00854
1.00682
1.00319
0.999746
0.997287
0.997631
0.998657
0.9981
0.999141
0.997403
0.996902
0.997091
0.999019
1.00325
1.00655
1.0096
1.01246
1.0141
1.01315
1.01182
1.01241
1.01344
1.01441
1.01356
1.01089
1.00839
1.00726
1.00652
1.00536
1.00393
1.00165
0.999015
0.998565
0.999603
1.00072
1.00226
1.00389
1.0044
1.00443
1.00643
1.0102
1.01235
1.01307
1.01002
1.00836
1.01081
1.01244
1.01448
1.01422
1.01246
1.00928
1.00872
1.00838
1.00826
1.00712
1.00567
1.00297
1.00135
1.0019
1.00227
1.0008
0.999057
0.999139
0.998464
0.997431
0.99629
0.993952
0.991921
0.993165
0.993221
0.994244
0.99519
0.997438
0.997454
0.997362
0.997981
1.00074
1.00348
1.00288
1.00083
0.998901
0.998672
0.998461
0.997485
0.99464
0.994138
0.992231
0.989153
0.989006
0.989723
0.990805
0.990847
0.991334
0.993275
0.994008
0.996365
0.997613
0.997538
0.99698
0.99619
0.995888
0.994312
0.993913
0.991436
0.989852
0.989323
0.989158
0.98886
0.989827
0.991502
0.990921
0.991334
0.992491
0.993716
0.995274
0.99563
0.996906
0.999412
1.00092
1.00258
1.00237
1.00215
1.00244
1.00337
1.00457
1.00531
1.00537
1.00374
1.00224
1.00095
1.00127
1.00062
0.998751
0.998566
0.998848
1.00025
1.00064
0.99926
0.995324
0.993586
0.993924
0.99594
0.997322
0.999811
1.00123
1.0034
1.00668
1.00805
1.00756
1.00998
1.01292
1.01401
1.01375
1.01273
1.01169
1.01049
1.00976
1.01029
1.014
1.0157
1.01344
1.01248
1.01287
1.01468
1.01476
1.01342
1.01281
1.01157
1.01186
1.01089
1.01131
1.01267
1.01284
1.0109
1.01042
1.00993
1.00883
1.00814
1.00694
1.0054
1.00536
1.00391
1.00463
1.00622
1.00856
1.01197
1.01506
1.01603
1.01316
1.01107
1.0077
1.00461
1.00012
0.995754
0.989822
0.985061
0.981714
0.979466
0.976925
0.975276
0.972506
0.971215
0.970686
0.971928
0.973643
0.974576
0.97337
0.973045
0.973994
0.973494
0.974159
0.973899
0.976094
0.977281
0.979116
0.981068
0.983287
0.985148
0.985395
0.984122
0.982814
0.98318
0.984735
0.984746
0.983178
0.980872
0.979578
0.980187
0.981489
0.983477
0.983828
0.985091
0.987114
0.989151
0.993268
0.995643
0.99725
0.999171
1.00175
1.00286
1.00542
1.00706
1.00906
1.01142
1.01114
1.01048
1.00948
1.00915
1.00828
1.00831
1.009
1.00743
1.00759
1.0081
1.00973
1.00931
1.00992
1.01164
1.01182
1.01087
1.0089
1.00519
1.00296
1.00149
0.99978
0.999402
0.999073
0.997445
0.996956
0.996815
0.994601
0.993246
0.99112
0.991446
0.991215
0.9905
0.989349
0.989129
0.988487
0.988846
0.989176
0.992643
0.993186
0.993752
0.994761
0.993855
0.994075
0.993571
0.993641
0.991998
0.995732
0.997138
0.998763
0.999409
1.00106
1.0038
1.00525
1.01019
1.01241
1.01681
1.01706
1.0174
1.01848
1.01837
1.01862
1.01761
1.01811
1.01952
1.0188
1.01369
1.00742
1.00757
1.01007
1.01004
1.00795
1.00705
1.00816
1.01167
1.01655
1.0213
1.02619
1.03056
1.02866
1.02957
1.03345
1.03786
1.04085
1.0403
1.03774
1.03384
1.02953
1.02787
1.02675
1.02589
1.02394
1.02195
1.02105
1.02103
1.02061
1.0197
1.01879
1.01803
1.01709
1.01633
1.01412
1.01029
1.00658
1.00442
1.00557
1.00471
1.00494
1.00513
1.00706
1.00465
1.00238
1.00319
1.0053
1.00704
1.00609
1.00649
1.00612
1.00742
1.00896
1.01046
1.012
1.01221
1.01128
1.00882
1.00909
1.00982
1.00901
1.00754
1.00787
1.00682
1.00845
1.01003
1.0114
1.01203
1.01361
1.01317
1.01438
1.01479
1.01478
1.01483
1.01496
1.01456
1.01341
1.01434
1.01482
1.01651
1.01685
1.01849
1.01933
1.02144
1.02317
1.02641
1.02806
1.02806
1.02553
1.02553
1.02498
1.02533
1.02412
1.02379
1.02323
1.02228
1.02113
1.02149
1.02322
1.02472
1.02501
1.02388
1.02323
1.02431
1.02627
1.02974
1.03191
1.03359
1.03395
1.03509
1.03426
1.03455
1.03328
1.03259
1.03071
1.02821
1.02447
1.02187
1.02217
1.02308
1.02296
1.02241
1.02264
1.02232
1.02358
1.02488
1.02649
1.02792
1.02923
1.02896
1.02831
1.02711
1.02674
1.02775
1.02954
1.02915
1.02804
1.02635
1.02515
1.02408
1.02335
1.02244
1.02036
1.01991
1.01897
1.01711
1.01622
1.01589
1.01647
1.01604
1.0164
1.01528
1.01332
1.01261
1.01232
1.01264
1.01478
1.01016
0.996685
0.98498
0.978117
0.978313
0.98286
0.987086
0.988217
1.01414
1.02256
1.01894
1.00778
1.00486
1.02402
1.03855
1.04061
1.04049
1.03828
1.04211
1.04826
1.05625
1.06227
1.06668
1.06671
1.0663
1.06574
1.06976
1.07126
1.0672
1.06714
1.08267
1.07741
1.07271
1.06696
1.06529
1.056
1.03682
1.03884
1.05357
1.07065
1.08634
1.10471
1.10751
1.11212
1.12769
1.14859
1.17061
1.18331
1.18523
1.17962
1.17697
1.1734
1.16654
1.16059
1.15386
1.1459
1.13439
1.11965
1.10188
1.08458
1.06972
1.05731
1.04938
1.03479
1.02218
1.00462
0.985806
0.973238
0.965961
0.96423
0.956526
0.947652
0.93893
0.928028
0.921602
0.921574
0.919804
0.917742
0.918316
0.920685
0.921086
0.920246
0.918484
0.918237
0.9207
0.920547
0.914136
0.907631
0.904043
0.90269
0.903566
0.899653
0.892418
0.88799
0.887197
0.885742
0.884403
0.88379
0.883928
0.884405
0.886352
0.890428
0.893468
0.896261
0.900288
0.900112
0.897062
0.8929
0.889209
0.885127
0.884418
0.882479
0.87961
0.881732
0.885891
0.90092
0.920511
0.940395
0.955378
0.966363
0.985741
1.00872
1.03831
1.06503
1.08692
1.09687
1.11501
1.13608
1.15087
1.16248
1.16836
1.16962
1.17214
1.16962
1.16445
1.1563
1.14498
1.13776
1.13229
1.11962
1.10993
1.09243
1.07366
1.0648
1.05337
1.0438
1.03139
1.0189
1.00417
1.00596
1.00746
1.00752
1.00915
1.00857
1.00165
0.992224
0.992671
0.995487
0.997758
0.999221
0.999422
0.993288
0.992933
0.993483
1.00138
1.00984
1.02389
1.03571
1.05015
1.0551
1.05778
1.06872
1.08756
1.09636
1.09832
1.09866
1.09506
1.09047
1.08471
1.08096
1.07701
1.07339
1.06667
1.05688
1.04638
1.03584
1.02916
1.0244
1.0204
1.02178
1.02438
1.02696
1.02149
1.02296
1.02408
1.02581
1.02404
1.0182
1.00957
0.999628
0.990367
0.983174
0.978732
0.978801
0.976669
0.974594
0.97488
0.977259
0.980208
0.980529
0.984484
0.985212
0.98882
0.988988
0.989243
0.989629
0.991635
0.994215
0.997509
0.997497
0.996088
0.992252
0.98893
0.985397
0.984389
0.986345
0.989073
0.991555
0.992459
0.993249
0.994172
0.999106
1.00139
0.999548
0.999451
0.997844
0.99858
0.998546
0.998412
0.998861
0.999941
1.00072
1.00086
1.00175
1.00385
1.00447
1.00611
1.00749
1.00942
1.01402
1.01398
1.01281
1.01087
1.01315
1.01464
1.01327
1.01174
1.01263
1.01272
1.01426
1.0136
1.01228
1.01105
1.00965
1.011
1.00911
1.00894
1.00854
1.00939
1.01007
1.00862
1.00836
1.00593
1.00371
1.00109
0.998256
0.997451
0.997781
0.995804
0.994607
0.991625
0.991319
0.993642
0.995616
0.997091
0.996895
0.996074
0.996198
0.994719
0.995876
0.995589
0.995126
0.996717
0.994427
0.994473
0.99305
0.991221
0.991242
0.992225
0.992101
0.992077
0.993995
0.995909
0.996185
0.998017
1.00293
1.00241
1.00004
1.00128
1.00295
1.00671
1.00723
1.00592
1.00547
1.00551
1.00539
1.00508
1.00451
1.00455
1.00354
1.00187
1.00163
1.00061
1.00031
1.00343
1.00554
1.00883
1.01048
1.00948
1.00933
1.01088
1.01319
1.01489
1.01552
1.01686
1.01508
1.01289
1.01028
1.00918
1.00752
1.00666
1.00511
1.00463
1.005
1.00393
1.00447
1.00528
1.00581
1.0058
1.00477
1.00259
1.00193
1.0013
1.00103
1.00115
1.00039
0.999133
1.00069
1.00219
1.00319
1.00356
1.00177
1.00049
0.999123
0.997303
0.995458
0.994804
0.993647
0.994023
0.99325
0.992867
0.994069
0.995194
0.997742
1.00132
1.00552
1.00671
1.00793
1.00928
1.00889
1.00882
1.00817
1.00761
1.00642
1.0044
0.999251
0.995869
0.996584
1.00046
1.00447
1.00744
1.00855
1.0087
1.01089
1.01584
1.02156
1.0293
1.03431
1.03794
1.03502
1.03212
1.03155
1.03237
1.03217
1.02893
1.02378
1.0196
1.01529
1.01056
1.00753
1.00493
1.00315
1.00186
1.00083
0.998066
0.997106
0.996671
0.996658
0.992896
0.989111
0.984295
0.981615
0.982484
0.981061
0.980076
0.980244
0.980206
0.978468
0.97845
0.978415
0.981291
0.98239
0.982622
0.981529
0.98104
0.982434
0.984904
0.986299
0.988573
0.990576
0.989925
0.98913
0.989777
0.991377
0.992166
0.992599
0.993192
0.99611
0.997834
0.999298
1.00137
1.00526
1.00723
1.00742
1.0079
1.008
1.00936
1.01123
1.01013
1.00967
1.011
1.01131
1.00984
1.0065
1.00626
1.0086
1.01137
1.01161
1.01017
1.00891
1.0116
1.01402
1.0145
1.01294
1.00992
1.01031
1.01299
1.01335
1.01158
1.01081
1.00926
1.00819
1.00768
1.0065
1.00663
1.007
1.00609
1.00488
1.00411
1.00497
1.00592
1.0058
1.00538
1.00796
1.00959
1.0106
1.00629
1.00202
0.999851
1.0017
1.00327
1.00321
1.00021
0.997178
0.997337
0.99823
0.999793
1.00209
1.00394
1.00438
1.00476
1.00407
1.00454
1.008
1.00802
1.00693
1.00607
1.00636
1.0058
1.00462
1.00355
1.00061
1.00043
1.00276
1.00526
1.00366
1.0017
1.00058
1.00244
1.00412
1.00607
1.00672
1.00627
1.00639
1.0042
1.00308
1.00142
1.0018
1.00029
0.9983
0.995821
0.992068
0.990369
0.989661
0.989698
0.987889
0.986534
0.985683
0.984539
0.98401
0.985879
0.987698
0.989147
0.990882
0.991027
0.993172
0.995997
0.996834
0.997252
0.998995
0.999929
1.00015
1.00119
1.00312
1.00253
1.00329
1.00243
1.00272
1.00167
1.00248
1.00274
1.00377
1.00471
1.00288
1.00247
1.00369
1.00689
1.00585
1.00432
1.0033
1.00359
1.00499
1.00615
1.00708
1.00988
1.01166
1.01091
1.01152
1.01196
1.01226
1.0129
1.01316
1.01433
1.01477
1.0149
1.01421
1.01464
1.01333
1.00726
1.00094
0.995643
0.992437
0.988852
0.984889
0.979027
0.975
0.973666
0.97447
0.974967
0.974469
0.975412
0.97553
0.976625
0.978357
0.979106
0.982632
0.981802
0.978594
0.977253
0.981983
0.986664
0.991235
0.993568
0.991993
0.994068
0.997977
1.00072
1.00271
1.00338
1.00504
1.00831
1.01237
1.01256
1.0118
1.00882
1.00854
1.01454
1.01752
1.01833
1.01754
1.01489
1.01479
1.01792
1.02299
1.02558
1.02649
1.02353
1.02126
1.02245
1.02292
1.02246
1.01719
1.01284
1.00964
1.00869
1.00549
0.999638
0.996403
0.997414
0.998328
0.999295
0.997534
0.997759
0.998138
1.0015
1.00521
1.00955
1.01189
1.00888
1.00829
1.01387
1.01875
1.02296
1.02134
1.0212
1.02202
1.02415
1.0263
1.02917
1.02915
1.02811
1.02933
1.02837
1.02681
1.02316
1.02023
1.01923
1.02109
1.02291
1.02053
1.01856
1.01629
1.01573
1.01651
1.01801
1.01931
1.01873
1.02027
1.02064
1.02276
1.02421
1.02318
1.02394
1.02561
1.02485
1.02285
1.01922
1.01601
1.01304
1.01021
1.00817
1.00697
1.00299
1.00077
0.998973
1.00027
1.00248
1.00391
1.0053
1.00668
1.00834
1.01002
1.01195
1.01422
1.01474
1.01851
1.02086
1.02404
1.02616
1.02921
1.03211
1.03316
1.03211
1.02847
1.02656
1.02531
1.02597
1.0246
1.02256
1.0214
1.01944
1.01991
1.01821
1.01571
1.01464
1.01322
1.01217
1.01064
1.00937
1.00777
1.00697
1.00842
1.00964
1.01252
1.01349
1.01099
1.00898
1.00737
1.00545
1.00291
0.999454
0.993977
0.993634
0.994629
0.993351
0.992341
0.992544
0.994169
0.994267
0.995664
0.996795
0.998625
0.998381
0.996184
0.997509
1.00126
1.00305
1.00241
1.00312
1.00429
1.00646
1.00772
1.00616
1.00555
1.00554
1.00722
1.00853
1.01063
1.01407
1.01613
1.01714
1.01972
1.02452
1.02542
1.02518
1.02341
1.0227
1.02377
1.02298
1.02109
1.01756
1.01531
1.01404
1.01429
1.01509
1.01295
1.01145
1.00924
1.00849
1.00854
1.00953
1.00888
1.00779
1.00829
1.0093
1.01217
1.01102
1.00888
1.00436
1.00368
1.00611
1.00878
1.00724
1.00312
1.00073
1.00009
1.00147
1.00386
1.00434
1.00434
1.00391
1.00288
1.00221
1.00312
1.004
1.00324
1.00279
1.00299
1.00549
1.00547
1.00456
1.00076
0.999498
1.0002
1.00229
1.00289
1.00268
1.00131
1.00138
1.00239
1.0047
1.00818
1.0098
1.00718
1.0028
1.00331
1.00851
1.01309
1.01456
1.01432
1.01084
1.01091
1.01357
1.01738
1.02145
1.02311
1.02324
1.02345
1.02427
1.02456
1.02445
1.02372
1.01887
1.01913
1.01957
1.01814
1.01477
1.00887
1.00252
1.00123
1.00196
0.999829
0.999462
0.999874
0.999626
1.00092
1.00229
1.00475
1.00465
1.00251
1.00321
1.0057
1.00835
1.01067
1.0118
1.01064
1.011
1.01482
1.01652
1.01788
1.01749
1.0189
1.01627
1.01637
1.01668
1.0166
1.01624
1.0143
1.01255
1.01418
1.01451
1.01428
1.01373
1.01212
1.01075
1.01017
1.0085
1.00529
1.00248
1.0018
1.00057
1.00034
0.998236
0.998225
0.996718
0.996869
0.997199
0.999141
1.00029
1.00028
0.999823
0.99972
1.00067
1.00102
1.00087
1.00006
0.999591
0.999248
0.998443
0.998888
0.999701
0.999835
1.0003
1.00186
1.00218
1.00474
1.00545
1.00569
1.00697
1.00849
1.00833
1.00722
1.00662
1.00588
1.00747
1.00718
1.00892
1.00867
1.00771
1.00773
1.00764
1.00777
1.00882
1.00986
1.00947
1.00884
1.00782
1.00787
1.01032
1.01258
1.01339
1.01474
1.01353
1.01354
1.01103
1.00936
1.00791
1.00752
1.00629
1.00369
1.00272
1.00055
1.00161
1.00263
1.00396
1.00445
1.00506
1.00622
1.00768
1.0099
1.01174
1.01358
1.01557
1.01553
1.0137
1.01342
1.01319
1.01339
1.01319
1.01602
1.01727
1.01951
1.02108
1.01929
1.01943
1.01823
1.02071
1.02201
1.02271
1.02188
1.02076
1.02141
1.02014
1.01967
1.01819
1.01844
1.01763
1.01459
1.01329
1.01443
1.01604
1.01678
1.0166
1.01613
1.0171
1.01846
1.01812
1.01848
1.01871
1.02033
1.02012
1.0212
1.02106
1.02393
1.02498
1.02456
1.0253
1.02724
1.02899
1.02974
1.03025
1.02802
1.02547
1.02181
1.01791
1.01605
1.01359
1.01344
1.01015
1.00856
1.00855
1.00889
1.01016
1.01371
1.01624
1.01858
1.01971
1.01821
1.02046
1.02219
1.02667
1.02882
1.0286
1.02727
1.02776
1.02996
1.03272
1.03303
1.03663
1.0395
1.042
1.04372
1.04054
1.03888
1.03819
1.03862
1.03814
1.03596
1.03535
1.03386
1.03243
1.02875
1.02873
1.02848
1.02803
1.0274
1.02663
1.02515
1.02219
1.02173
1.02096
1.01999
1.01841
1.01616
1.01416
1.01062
1.00977
1.00763
1.00899
1.00945
1.00883
1.00783
1.0047
1.00429
1.00379
1.00229
1.00083
1.00046
0.998141
0.997356
0.997713
1.00036
1.0017
1.0031
1.0063
1.01109
1.02592
1.05639
1.09086
1.10201
1.08665
1.0538
1.02896
1.02229
1.04718
1.06561
1.05614
1.02952
0.999564
0.988497
0.987507
1.00558
1.01296
1.00959
0.992014
0.976647
0.974275
0.977375
0.98392
0.986897
0.996921
1.00709
1.01966
1.02429
1.0201
1.01556
1.01342
1.00631
1.01497
1.02249
1.02607
1.0412
1.0543
1.0653
1.06604
1.05669
1.05228
1.05404
1.05788
1.06088
1.05358
1.03807
1.02557
1.01585
1.01846
1.03039
1.04231
1.0536
1.0406
1.02589
1.02274
1.04213
1.04934
1.06113
1.05666
1.05409
1.02812
1.01741
1.02184
1.02829
1.03864
1.04018
1.04027
1.034
1.04739
1.05946
1.06961
1.07924
1.08273
1.07174
1.07361
1.07604
1.0808
1.08736
1.08724
1.07791
1.07071
1.06605
1.05786
1.04446
1.03721
1.02913
1.03128
1.02342
1.01743
1.01814
1.01009
0.999657
0.994258
0.997785
0.99368
0.988685
0.989501
0.989491
0.98692
0.985407
0.990876
0.995147
0.998846
1.00295
1.00735
1.01217
1.01927
1.0285
1.03698
1.04486
1.05117
1.05734
1.06307
1.06995
1.07262
1.07462
1.07597
1.07462
1.07298
1.06943
1.06681
1.06157
1.05651
1.05039
1.04282
1.03684
1.03198
1.0299
1.02742
1.02205
1.01934
1.01602
1.01037
1.00743
1.00519
1.00595
1.00504
1.00797
1.00881
1.01037
1.01197
1.01382
1.01838
1.0224
1.02621
1.02991
1.03134
1.0324
1.03275
1.03463
1.03293
1.03223
1.03177
1.03032
1.02807
1.02508
1.0227
1.01916
1.01645
1.0143
1.01211
1.01152
1.00998
1.00846
1.00775
1.00536
1.00426
1.00208
1.00074
0.999482
0.999784
0.999033
0.999713
1.00083
1.00099
0.999998
0.999958
1.00125
0.999817
0.999219
0.997113
0.994664
0.993084
0.991708
0.989621
0.986783
0.985518
0.98416
0.9837
0.983832
0.984478
0.985221
0.986069
0.986949
0.988906
0.991877
0.994967
0.998205
1.00076
1.00287
1.0052
1.00711
1.01136
1.01549
1.01902
1.02083
1.0234
1.02484
1.02605
1.02458
1.02542
1.02493
1.02389
1.02125
1.01967
1.01884
1.01628
1.01518
1.01342
1.01196
1.01009
1.00949
1.0082
1.00774
1.00849
1.0095
1.01031
1.01186
1.01136
1.01333
1.01391
1.01528
1.01765
1.01981
1.02161
1.02462
1.02622
1.02709
1.02942
1.03059
1.03463
1.03695
1.03789
1.04141
1.04332
1.04394
1.04486
1.04608
1.04605
1.04539
1.04317
1.04254
1.04033
1.03969
1.03706
1.03584
1.03391
1.03247
1.02878
1.02674
1.02636
1.02424
1.02266
1.02363
1.02471
1.02448
1.02724
1.03064
1.03382
1.03512
1.03418
1.03387
1.03633
1.03548
1.03455
1.03303
1.03198
1.03097
1.02807
1.029
1.03075
1.03168
1.03085
1.02914
1.02957
1.0299
1.02886
1.03048
1.03367
1.03437
1.03574
1.03685
1.03527
1.03576
1.03681
1.03923
1.04224
1.04206
1.03601
1.02927
1.02406
1.02112
1.01821
1.02146
1.01889
1.01602
1.01177
1.00966
1.01145
1.01272
1.0135
1.01615
1.01949
1.01888
1.02106
1.02505
1.03164
1.03652
1.03834
1.03945
1.03725
1.0382
1.03305
1.02824
1.0209
1.01691
1.01588
1.02007
1.02228
1.0208
1.02008
1.01535
1.01068
1.00664
1.00296
0.997619
0.994139
0.989332
0.98344
0.979345
0.978527
0.979562
0.979123
0.980678
0.984472
0.986698
0.991343
0.997113
1.00506
1.01574
1.02594
1.03632
1.04082
1.04422
1.0532
1.06471
1.07559
1.08219
1.08029
1.08298
1.08221
1.07991
1.0768
1.0736
1.07039
1.06994
1.06156
1.05813
1.05209
1.04011
1.03339
1.03088
1.02421
1.00857
1.00456
1.00417
1.00137
0.999563
1.00143
0.999598
0.998614
1.00416
1.00997
1.01027
1.0135
1.01724
1.02364
1.02686
1.0356
1.03976
1.04547
1.04976
1.0541
1.05841
1.06791
1.0694
1.0704
1.07408
1.08042
1.08038
1.08404
1.08173
1.08379
1.08771
1.0873
1.08317
1.07511
1.06931
1.06464
1.05838
1.05084
1.04998
1.04793
1.03565
1.02659
1.02875
1.03243
1.03184
1.03157
1.0353
1.03696
1.04236
1.04468
1.04602
1.04595
1.04977
1.05113
1.05259
1.05735
1.06113
1.06152
1.05846
1.0567
1.0553
1.0537
1.05212
1.05028
1.04844
1.04567
1.04333
1.0399
1.03727
1.03605
1.03291
1.03242
1.03074
1.02782
1.02526
1.02427
1.02325
1.01893
1.0087
1.00662
1.0094
1.01683
1.02035
1.02024
1.01722
1.01434
1.01831
1.02188
1.02595
1.0264
1.02427
1.02203
1.02183
1.02156
1.02036
1.02221
1.02141
1.01767
1.01367
1.01048
1.01158
1.01239
1.01335
1.01449
1.01343
1.01679
1.01784
1.01476
1.01272
1.01387
1.01345
1.01563
1.01624
1.016
1.02151
1.02588
1.02296
1.02465
1.02112
1.01929
1.01609
1.01264
1.00966
1.00576
1.00254
1.00113
1.00067
1.00092
0.997012
0.992516
0.9883
0.991372
0.990486
0.992049
0.993906
0.994742
0.997742
0.999162
0.998118
1.0017
1.00331
0.998765
0.995923
0.995417
0.997754
1.00146
1.00092
1.0009
1.00568
1.00842
1.01135
1.01007
1.01336
1.01171
1.0092
1.00865
1.00394
1.00505
1.00832
1.00685
1.00677
1.00819
1.0119
1.01237
1.01024
1.01399
1.01459
1.01578
1.01494
1.01436
1.01435
1.01138
1.01101
1.01278
1.01686
1.01975
1.01818
1.01446
1.01602
1.01121
1.01039
1.01224
1.01094
1.00523
1.00093
1.00254
1.00509
1.00411
1.00399
1.00442
1.00063
0.997644
0.995586
0.99737
0.999627
1.00253
1.007
1.01073
1.00747
1.00646
1.00173
1.00627
1.00749
1.00993
1.01231
1.00943
1.01106
1.01108
1.01135
1.01063
1.01585
1.01348
1.00811
1.0062
1.00365
0.998828
1.00001
1.00415
1.00516
1.00114
0.995733
0.996216
0.995769
0.994807
0.999325
1.00533
1.00521
1.00141
0.997944
1.00417
1.00275
1.00375
1.00489
1.00564
1.00822
1.01013
1.00975
1.01064
1.0112
1.01437
1.00838
1.00169
1.00034
1.00094
0.99995
1.00238
1.00593
1.00976
1.01589
1.00813
1.0067
1.01082
1.01867
1.02806
1.02722
1.02306
1.01575
1.01572
1.0127
1.01362
1.01428
1.01378
1.01723
1.0132
1.01454
1.01673
1.01381
1.01402
1.01494
1.01176
1.00838
1.00819
1.00934
1.01244
1.01804
1.02049
1.01319
1.01318
1.02651
1.03255
1.03656
1.03021
1.03192
1.02748
1.02542
1.0164
1.01364
1.01278
1.01667
1.01917
1.01757
1.01437
1.01055
1.01102
1.01634
1.01577
1.00705
1.00445
1.00799
1.00825
1.00983
1.01172
1.01481
1.01728
1.02219
1.02837
1.02747
1.02115
1.02716
1.02811
1.02853
1.02854
1.022
1.02378
1.02491
1.02992
1.02852
1.03104
1.02978
1.02285
1.01665
1.00879
1.01288
1.01793
1.01822
1.01585
1.00702
1.00957
1.007
1.00618
1.01417
1.00846
1.00788
0.999009
1.00399
1.00306
1.00919
1.01827
1.01882
1.01033
1.00431
1.00211
1.00936
1.01741
1.0222
1.02913
1.01943
1.01864
1.01917
1.0174
1.01656
1.01695
1.0173
1.01364
1.01686
1.0156
1.01379
1.01809
1.02121
1.02316
1.0245
1.02775
1.03299
1.0329
1.02427
1.0171
1.0149
1.01712
1.02604
1.03126
1.02967
1.02287
1.0168
1.02244
1.02306
1.01952
1.01714
1.01593
1.01853
1.01806
1.01799
1.01336
1.01297
1.01227
1.0175
1.02439
1.03021
1.02857
1.02106
1.01468
1.01684
1.02135
1.02542
1.02354
1.02248
1.01823
1.01575
1.01609
1.01484
1.01212
1.00908
1.0113
1.01714
1.01986
1.02114
1.01682
1.00618
1.01
1.01199
1.01689
1.02188
1.02063
1.01589
1.00873
1.00724
1.00822
1.01128
1.01621
1.01182
1.01213
1.016
1.01531
1.01745
1.01656
1.01901
1.02035
1.02095
1.02019
1.02185
1.02386
1.02359
1.0235
1.02653
1.02656
1.02139
1.01837
1.02562
1.02945
1.03891
1.03385
1.02846
1.02125
1.02191
1.02213
1.0206
1.02513
1.02342
1.02836
1.02545
1.02543
1.01833
1.01539
1.01573
1.01737
1.01574
1.01085
1.0101
1.00819
1.006
1.00316
1.00867
1.00392
1.00333
1.0011
0.996562
1.00009
1.00017
0.999417
0.996703
0.99591
0.99482
0.994716
0.999315
0.99913
0.996114
0.998275
0.997945
0.992146
0.98777
0.990621
0.998053
0.999265
0.999006
0.994284
0.992272
0.993057
0.994126
0.993354
0.995136
0.99694
0.996871
0.996692
0.994514
0.995125
0.994556
0.999093
0.997584
0.998424
0.999552
0.996918
1.0005
1.00129
1.00445
1.00937
1.00543
1.0072
1.01072
1.0151
1.01993
1.01444
1.01647
1.01161
1.01141
1.00775
1.00628
1.00635
1.00486
1.00521
1.00191
1.00008
1.00093
1.00269
1.00154
1.00357
1.00221
1.00127
0.998073
0.998179
1.00067
1.0003
1.00104
1.001
1.00072
1.00429
1.00296
1.00939
1.00724
1.0156
1.01278
1.01089
1.00946
1.01064
1.01466
1.0159
1.01293
1.01367
1.01185
1.01619
1.01866
1.02626
1.02605
1.03328
1.02719
1.03122
1.02503
1.02743
1.02731
1.02666
1.0315
1.02516
1.02696
1.01903
1.02057
1.01738
1.01125
1.0048
0.997328
0.994749
0.99257
0.993037
1.00012
1.00276
0.997064
1.00117
1.00515
1.01063
1.01556
1.02156
1.02093
1.02255
1.02329
1.01338
1.00937
1.0122
1.01979
1.02533
1.02682
1.03229
1.02987
1.02301
1.02779
1.02788
1.03637
1.03737
1.03977
1.04216
1.038
1.03557
1.04153
1.04756
1.05463
1.05532
1.0558
1.05287
1.04823
1.05474
1.05047
1.04641
1.04219
1.04414
1.04617
1.04581
1.03785
1.0271
1.02199
1.02464
1.03089
1.03424
1.03819
1.03771
1.03764
1.03242
1.03055
1.03043
1.03535
1.04176
1.04424
1.04064
1.03385
1.02913
1.02856
1.0417
1.0435
1.04933
1.04369
1.0385
1.03749
1.04131
1.0454
1.04439
1.04333
1.04282
1.04135
1.03945
1.03797
1.03569
1.03618
1.03298
1.03182
1.03084
1.03002
1.03057
1.03076
1.02579
1.02644
1.0246
1.02439
1.02472
1.02872
1.0306
1.02475
1.02867
1.0241
1.02798
1.03201
1.02899
1.02698
1.02513
1.01877
1.01725
1.0231
1.02799
1.03053
1.02872
1.02099
1.01956
1.01779
1.02447
1.02773
1.02515
1.03241
1.03179
1.03781
1.03525
1.04042
1.03511
1.03345
1.03273
1.03282
1.03242
1.03776
1.03621
1.03054
1.02745
1.02801
1.02909
1.02919
1.03035
1.02411
1.02217
1.01755
1.02102
1.01939
1.02498
1.02583
1.02548
1.02583
1.02401
1.02419
1.02483
1.02331
1.02565
1.02299
1.02287
1.02279
1.02396
1.02332
1.02336
1.02202
1.0192
1.01773
1.01965
1.0254
1.02754
1.02743
1.02329
1.02245
1.02618
1.0239
1.02354
1.02548
1.01957
1.02317
1.02374
1.02438
1.0281
1.02658
1.02394
1.02355
1.01931
1.02039
1.01832
1.01968
1.01998
1.02072
1.0203
1.01827
1.01556
1.01693
1.01549
1.01416
1.01611
1.01528
1.01546
1.01764
1.01278
1.01529
1.01494
1.01657
1.01692
1.01151
1.00673
1.00531
1.00173
1.00465
1.00446
1.00425
1.00278
0.996968
1.00009
1.00206
1.00838
1.00857
1.00823
1.00446
1.0065
1.00755
1.00675
1.00689
1.00744
1.0079
1.00686
1.00804
1.01404
1.01849
1.01289
1.01465
1.01104
1.00943
1.00618
1.00448
1.00731
1.01229
1.00666
1.01093
1.00253
1.00682
0.999747
1.00696
1.00855
1.00618
1.00899
1.01459
1.00877
1.01429
1.01427
1.02075
1.02068
1.01709
1.01529
1.01264
1.01102
1.01273
1.01238
1.01593
1.01949
1.01336
1.01172
1.01213
1.01155
1.00669
1.01087
1.00382
1.01453
1.00764
1.01023
1.00784
1.0053
1.00406
1.00197
1.00306
1.00206
1.0014
1.00193
0.998862
0.999319
1.00016
0.998619
1.00097
1.00649
1.00836
1.00628
1.01161
1.0108
1.01163
1.01344
1.01363
1.00866
1.00721
1.00859
1.00589
1.0083
1.00362
1.00279
1.00016
0.993485
0.99461
0.995019
0.998478
1.00113
0.998137
0.993912
0.989155
0.987722
0.991808
0.994572
0.996605
0.998247
0.994313
0.997793
0.994879
0.997936
0.997882
0.999906
1.00397
1.00472
1.00816
1.00809
1.00648
1.00823
1.0083
1.01108
1.00877
1.00801
1.01187
1.01095
1.00825
1.00763
1.01057
1.01403
1.00969
1.01161
1.01099
1.01251
1.01178
1.0141
1.01809
1.01115
1.00977
1.003
1.0037
1.00812
1.01033
1.01435
1.00877
1.01418
1.0134
1.01295
1.00835
1.01311
1.0169
1.01903
1.01991
1.01596
1.01769
1.02495
1.02629
1.02979
1.03683
1.0384
1.02646
1.01874
1.01068
1.00859
1.0052
1.00557
1.00509
1.00462
1.00446
0.997921
0.998128
0.994673
0.992473
0.993799
1.00086
1.00031
1.00337
0.997825
0.998834
1.00049
1.00566
1.00816
1.00727
1.01327
1.0019
0.999767
1.00162
1.00411
1.00707
1.00575
1.00628
1.00075
0.997623
0.998201
0.997242
1.00586
1.00802
1.01357
1.00921
1.01189
1.01287
1.01568
1.01624
1.01317
1.01008
1.00967
1.00608
1.00182
0.993438
0.993783
0.992158
0.994141
0.992651
0.993322
0.993335
0.989327
0.987308
0.98368
0.984332
0.984441
0.988877
0.990997
0.99622
1.00053
1.00643
0.995841
0.990006
0.986891
1.00443
1.00172
1.01313
1.00624
1.01439
0.999172
1.00036
0.998591
1.01251
1.02189
1.02204
1.02577
1.02862
1.02708
1.01194
1.0044
1.00173
1.0034
1.01153
1.01254
1.0017
0.980614
0.961695
0.959188
0.954769
0.962817
0.972355
0.969177
0.965397
0.959714
0.958553
0.960513
0.96642
0.96875
0.973015
0.976946
0.989362
0.991785
0.991918
0.993906
1.00557
1.01345
1.02333
1.035
1.0329
1.03693
1.03435
1.03829
1.03999
1.04034
1.03592
1.03402
1.03262
1.02618
1.01923
1.01548
1.01518
1.01747
1.01324
1.00669
0.999681
0.997052
0.996691
0.999141
0.998448
0.99761
0.992677
0.986391
0.985578
0.984455
0.981734
0.982733
0.990165
0.986927
0.981624
0.978725
0.979824
0.978718
0.981455
0.983169
0.982924
0.985343
0.992106
0.994249
0.996088
0.999614
1.00405
1.00743
1.00938
1.01248
1.017
1.01438
1.01451
1.0142
1.02081
1.02336
1.03126
1.03134
1.03402
1.03811
1.03837
1.03866
1.03404
1.03394
1.03077
1.03207
1.02454
1.02228
1.01677
1.01515
1.01408
1.01465
1.01762
1.02023
1.0199
1.0231
1.0337
1.03607
1.03582
1.03442
1.03292
1.02906
1.02338
1.02107
1.01597
1.0126
1.01153
1.00575
1.00107
0.997079
0.997376
0.994723
0.993614
0.991269
0.988067
0.985381
0.985653
0.986634
0.98819
0.989087
0.993358
0.990441
0.986179
0.985408
0.987608
0.990408
0.991612
0.996004
0.99531
0.996681
0.997752
1.00077
1.00595
1.00924
1.00878
1.00671
1.00526
1.00613
1.00964
1.00765
1.0079
1.00821
1.00243
0.999951
0.999575
0.997667
1.00188
1.0005
1.0008
1.00082
1.00456
1.00407
1.00498
1.01078
1.01364
1.01975
1.02027
1.01953
1.01423
1.01615
1.02393
1.02606
1.02872
1.02758
1.02997
1.03086
1.03588
1.03963
1.04306
1.03827
1.03341
1.02769
1.02623
1.02473
1.01876
1.01267
1.00825
1.00618
1.00574
1.00742
1.01043
1.01142
1.00993
1.00431
1.00228
1.00254
1.00535
1.00391
1.00162
1.00025
0.999003
0.998807
1.00035
0.998152
0.997427
0.99543
0.994234
0.992395
0.990452
0.989969
0.988841
0.990582
0.990331
0.992219
0.993715
0.998328
1.00464
1.0095
1.01567
1.01878
1.02293
1.02511
1.02668
1.0255
1.02547
1.02364
1.01966
1.0142
1.00952
1.00932
1.0095
1.01267
1.0082
1.00283
0.998032
0.996105
0.99436
0.9917
0.988653
0.985042
0.979149
0.975239
0.973598
0.973403
0.974938
0.97939
0.982111
0.981707
0.984267
0.987732
0.993228
0.997429
0.9973
0.996819
1.00156
1.00656
1.01021
1.01513
1.01615
1.01737
1.01559
1.01486
1.0186
1.01984
1.02773
1.02848
1.03254
1.03809
1.04478
1.04296
1.03953
1.03602
1.03542
1.03267
1.03061
1.02746
1.02452
1.01897
1.01512
1.0122
1.01107
1.01209
1.00972
1.00871
1.00338
0.997385
0.992232
0.99025
0.988073
0.987081
0.984249
0.986496
0.984476
0.984028
0.988055
0.99197
0.994995
1.00096
1.00219
1.00444
1.00626
1.00965
1.01063
1.01129
1.0131
1.01113
1.01399
1.01632
1.0239
1.03115
1.03716
1.03912
1.04126
1.04094
1.04136
1.03893
1.04303
1.04246
1.04115
1.04051
1.03665
1.03226
1.02794
1.02755
1.02515
1.01874
1.01465
1.00835
0.999243
0.993662
0.995898
0.994031
0.990028
0.989728
0.991356
0.986362
0.987041
0.986993
0.986421
0.986619
0.982696
0.978986
0.977081
0.977976
0.978796
0.978011
0.982033
0.986438
0.991309
0.994898
0.994818
0.999306
1.00181
1.01141
1.01917
1.02535
1.02622
1.02857
1.02962
1.03118
1.02795
1.03006
1.03509
1.03754
1.03854
1.04012
1.03927
1.03565
1.03293
1.03287
1.02926
1.02812
1.02172
1.01688
1.01055
1.00492
1.00221
0.999569
0.996088
0.990707
0.985772
0.985036
0.983488
0.982629
0.980677
0.983214
0.985784
0.991065
0.995564
0.998301
0.998816
1.00319
1.00572
1.01047
1.01127
1.01386
1.01454
1.01414
1.01372
1.01548
1.01842
1.01887
1.01959
1.02143
1.02256
1.02303
1.02555
1.02607
1.0272
1.0279
1.0279
1.02694
1.02641
1.02401
1.02066
1.01672
1.0125
1.01031
1.00278
1.00151
0.99876
0.998478
0.998962
0.997515
1.00106
1.0029
1.00683
1.00971
1.01351
1.01721
1.01656
1.01597
1.01703
1.0182
1.02076
1.02271
1.02466
1.02763
1.03087
1.03581
1.04111
1.04619
1.04932
1.05138
1.05075
1.05109
1.05092
1.04979
1.04564
1.04185
1.03427
1.02795
1.0219
1.01649
1.01194
1.00562
1.00108
0.997666
0.994459
0.992717
0.991672
0.992081
0.994798
0.993862
0.993187
0.995467
0.999015
1.00347
1.00194
1.00124
0.996563
0.994337
0.988717
0.993178
0.996216
1.00236
1.01079
1.01918
1.0249
1.02291
1.02296
1.02916
1.033
1.03674
1.03501
1.03095
1.02859
1.0299
1.03016
1.03459
1.03728
1.03952
1.04117
1.04403
1.04355
1.04382
1.04253
1.04309
1.04194
1.04047
1.03744
1.03496
1.03101
1.02808
1.02386
1.02224
1.02152
1.01958
1.01525
1.01106
1.0061
1.00096
0.995686
0.991463
0.988986
0.986136
0.980887
0.976356
0.971828
0.970202
0.96902
0.969745
0.970063
0.971216
0.970184
0.970578
0.973529
0.976394
0.983342
0.990033
0.996843
1.00243
1.00778
1.0138
1.017
1.01846
1.02176
1.02276
1.02339
1.02345
1.02234
1.02357
1.02533
1.02457
1.02423
1.02316
1.02088
1.01928
1.01797
1.01724
1.01616
1.01556
1.01613
1.01408
1.01181
1.00985
1.00547
1.00055
0.995844
0.990626
0.98554
0.980033
0.976483
0.976452
0.976257
0.977392
0.980301
0.986771
0.993612
1.00338
1.01058
1.01614
1.02215
1.02959
1.03926
1.04831
1.05593
1.05852
1.06012
1.06292
1.0627
1.06215
1.06081
1.05749
1.05313
1.04736
1.04138
1.03603
1.0303
1.02531
1.01935
1.01301
1.00786
1.00317
0.998818
0.99499
0.991738
0.989066
0.98654
0.983998
0.98208
0.98016
0.97827
0.976973
0.977108
0.977573
0.978041
0.978215
0.979693
0.981809
0.984445
0.986799
0.9899
0.992816
0.995802
0.998987
1.00184
1.0042
1.00542
1.00815
1.01128
1.01363
1.01673
1.01838
1.02023
1.0208
1.02031
1.01988
1.01994
1.0196
1.02073
1.02228
1.02318
1.0252
1.02974
1.02946
1.03176
1.03471
1.04079
1.04606
1.04965
1.04634
1.04241
1.03922
1.03444
1.02951
1.02345
1.01475
1.01251
1.00376
0.997673
0.994715
0.99769
1.00002
1.00255
1.00195
1.00059
0.995425
0.991503
0.988872
0.988535
0.988027
0.984777
0.977998
0.970272
0.965039
0.962298
0.962577
0.96581
0.969198
0.972297
0.974391
0.97618
0.979299
0.984755
0.991804
1.0002
1.0072
1.01254
1.0163
1.02112
1.02505
1.02968
1.03417
1.03782
1.0407
1.04363
1.04489
1.04393
1.04259
1.04229
1.04227
1.04147
1.03901
1.03483
1.03116
1.02718
1.0232
1.02038
1.01699
1.01345
1.01158
1.01054
1.00992
1.011
1.01199
1.01268
1.01374
1.01556
1.01568
1.01578
1.01618
1.01649
1.01621
1.01628
1.01615
1.01659
1.01631
1.0149
1.01494
1.01432
1.0126
1.01188
1.01094
1.00872
1.0073
1.0074
1.00676
1.00559
1.00484
1.00687
1.00642
1.00629
1.00752
1.00832
1.0082
1.00738
1.0058
1.00594
1.00623
1.00573
1.00631
1.00836
1.011
1.01185
1.01422
1.01654
1.01754
1.01687
1.01681
1.01706
1.01792
1.01823
1.01885
1.01893
1.0159
1.01561
1.0149
1.01516
1.01587
1.01763
1.01957
1.02142
1.02066
1.02218
1.02408
1.0248
1.02672
1.0286
1.02905
1.02882
1.02875
1.0277
1.02716
1.02658
1.02767
1.02771
1.02729
1.02549
1.02174
1.01988
1.01916
1.01865
1.01774
1.01634
1.01285
1.00962
1.00779
1.00654
1.00441
1.00071
0.998805
0.998913
0.997663
0.995768
0.995388
0.996672
0.997713
0.997368
0.999253
1.00032
1.00082
1.00123
1.00275
1.00255
1.00124
1.00185
1.00112
1.00248
1.00463
1.00564
1.00586
1.00689
1.00755
1.00725
1.0068
1.00787
1.00769
1.00623
1.00382
0.999882
0.997026
0.999366
0.999457
0.999834
1.00105
1.00343
1.00742
1.01048
1.01452
1.01558
1.01625
1.01637
1.01673
1.01728
1.01639
1.01481
1.01324
1.01242
1.01039
1.00725
1.00761
1.00727
1.00687
1.00611
1.00562
1.0044
1.00372
1.00488
1.00556
1.00494
1.00375
1.00337
1.00579
1.00589
1.00713
1.00711
1.00633
1.00591
1.00597
1.00762
1.00829
1.00793
1.00803
1.00724
1.00799
1.00845
1.01036
1.01018
1.01112
1.01255
1.01324
1.01424
1.01348
1.01422
1.01281
1.01081
1.01082
1.00831
1.00718
1.00617
1.00569
1.00361
1.00109
1.00135
0.999959
0.99978
0.999959
0.999979
0.999695
1.00024
1.00231
1.00285
1.00244
1.00272
1.00306
1.003
1.00249
1.00349
1.00349
1.00323
1.00271
1.00181
1.00158
1.00156
1.00076
1.00084
1.0029
1.00641
1.00836
1.00979
1.00979
1.0075
1.00462
1.00209
0.99965
0.996389
0.994472
0.992553
0.989606
0.989689
0.992981
0.991717
0.991881
0.998215
1.00509
1.01277
1.0163
1.01213
1.00857
1.01286
1.01595
1.0187
1.01889
1.01637
1.01343
1.01089
1.00811
1.00717
1.00535
1.00432
1.00105
0.998373
0.995577
0.991743
0.989955
0.987895
0.986774
0.985343
0.983531
0.982599
0.980763
0.979667
0.978398
0.976741
0.975388
0.973659
0.973447
0.974666
0.974086
0.975703
0.977901
0.980494
0.983027
0.986153
0.99019
0.994071
0.997904
1.00292
1.00751
1.01284
1.0172
1.02208
1.0256
1.02806
1.03015
1.03081
1.03105
1.02996
1.02805
1.02703
1.02497
1.0221
1.01914
1.01549
1.01172
1.009
1.00548
1.00066
0.993888
0.990244
0.985547
0.985704
0.984492
0.982079
0.978988
0.973115
0.970121
0.9687
0.968509
0.967229
0.966024
0.963766
0.960381
0.958318
0.956509
0.954613
0.953237
0.952976
0.95393
0.954587
0.957375
0.962449
0.967558
0.973464
0.980214
0.986851
0.991715
0.99565
1.00115
1.00713
1.01303
1.01803
1.02008
1.02036
1.02107
1.02073
1.01859
1.01618
1.01218
1.00769
1.00438
1.00115
0.997061
0.993384
0.990494
0.986627
0.982699
0.978707
0.973298
0.967965
0.963305
0.958238
0.953755
0.950295
0.945944
0.942211
0.938927
0.937044
0.935298
0.934777
0.934729
0.936643
0.939259
0.944666
0.949386
0.957298
0.966275
0.976369
0.98623
0.996876
1.00685
1.01644
1.02486
1.03132
1.03556
1.03896
1.04151
1.0425
1.0429
1.04187
1.03911
1.03631
1.03371
1.02959
1.02542
1.02071
1.01458
1.00707
1.00224
0.99783
0.992467
0.987447
0.984031
0.977655
0.973036
0.969646
0.967561
0.964983
0.964438
0.962776
0.959115
0.957403
0.954826
0.95374
0.95192
0.951639
0.952189
0.95237
0.950279
0.948833
0.950121
0.952664
0.955958
0.95922
0.959107
0.958403
0.958324
0.959799
0.960341
0.961581
0.962937
0.964689
0.964672
0.964265
0.965259
0.966533
0.967548
0.97019
0.973197
0.974649
0.97681
0.980995
0.985328
0.990096
0.994211
0.998202
1.00075
1.00637
1.01053
1.01358
1.0164
1.01821
1.0176
1.01398
1.01437
1.01616
1.01653
1.0139
1.01221
1.00823
1.0061
1.00458
1.00224
0.999659
0.9963
0.992669
0.988241
0.98405
0.982845
0.979539
0.979885
0.976891
0.973834
0.972102
0.971739
0.970048
0.968916
0.968922
0.970891
0.971052
0.972752
0.975752
0.978503
0.98116
0.984723
0.988258
0.987529
0.988169
0.987617
0.986994
0.986017
0.983952
0.9823
0.983781
0.982608
0.983572
0.980474
0.984288
0.988873
0.991914
0.993755
0.995736
0.996369
0.996914
0.997145
0.994902
0.992627
0.988377
0.985184
0.985536
0.980901
0.974975
0.972898
0.9721
0.972908
0.973911
0.973921
0.975655
0.976924
0.978286
0.984016
0.983458
0.985612
0.9874
0.992841
0.991382
0.987656
0.986184
0.988121
0.984771
0.981434
0.975752
0.976614
0.979659
0.978921
0.97863
0.97618
0.978251
0.981429
0.983766
0.985305
0.990192
0.994415
0.995609
0.995644
0.997336
1.00219
1.0026
1.0026
1.00188
1.00521
1.00306
1.00053
0.999404
1.00046
1.00109
0.998275
0.992996
0.988204
0.990502
0.996665
0.988914
0.986573
0.984529
0.986288
0.9842
0.987466
0.992969
0.991088
0.990873
0.989383
0.998139
1.00233
1.01213
1.01596
1.01326
1.01531
1.01502
1.02154
1.02854
1.03035
1.03077
1.02923
1.03189
1.02996
1.02845
1.02201
1.01619
1.01197
1.00335
0.997997
0.998992
0.996169
0.991704
0.990495
0.990826
0.988898
0.983988
0.992416
0.990528
0.990674
0.986899
0.985676
0.983815
0.979691
0.978798
0.978873
0.983333
0.983712
0.98042
0.982544
0.97988
0.979705
0.980461
0.986807
0.983753
0.985485
0.98508
0.984736
0.984538
0.990435
0.994246
0.993535
0.994878
0.99181
0.990764
0.994715
1.0009
1.01974
1.02632
1.03756
1.0305
1.02528
1.01615
1.011
1.01168
1.01687
1.01872
1.01199
1.00534
1.00554
1.00366
1.00529
1.00877
1.00989
1.01393
1.01389
1.01175
1.00527
0.997583
0.993616
0.996153
0.997651
0.998712
0.992707
0.986596
0.979418
0.974388
0.976668
0.98493
0.984963
0.982712
0.98473
0.976887
0.970328
0.963302
0.963698
0.964322
0.967984
0.975631
0.984688
0.992496
1.00119
1.00561
1.00194
1.01077
1.02224
1.03666
1.04604
1.04692
1.04658
1.04657
1.04964
1.05059
1.05127
1.05248
1.05142
1.04844
1.0429
1.03382
1.02908
1.02987
1.03759
1.03588
1.03361
1.02304
1.01879
1.01373
1.00887
1.00577
1.0094
1.0033
0.999593
0.992693
0.994725
0.990953
0.989693
0.991537
0.997931
0.996319
0.993855
0.993239
0.993749
0.997027
0.993691
0.993003
0.99933
1.00106
1.00284
1.00371
1.00701
1.01338
1.01508
1.01759
1.01916
1.01456
1.01726
1.01779
1.01737
1.02177
1.017
1.0184
1.01329
1.01075
1.00903
1.01169
1.01309
1.00902
1.00783
1.00408
1.00634
1.00277
0.998542
0.999676
1.00394
1.0049
1.0082
1.00327
1.00466
1.00736
1.01133
1.01552
1.01959
1.01731
1.01447
1.00961
1.00357
0.998845
0.996451
0.997794
0.99787
0.994212
0.989181
0.985251
0.985048
0.987009
0.990334
0.993478
1.0038
1.00374
1.00598
1.00631
1.01629
1.0183
1.01651
1.01713
1.02004
1.02283
1.02416
1.0291
1.03037
1.03167
1.02573
1.02089
1.01856
1.02115
1.02711
1.0274
1.02526
1.02113
1.01575
1.01347
1.01711
1.0235
1.02713
1.02423
1.02252
1.02214
1.01757
1.01462
1.01686
1.01808
1.02069
1.01848
1.02113
1.01831
1.02219
1.03565
1.03508
1.03717
1.02538
1.02491
1.01548
1.01276
1.00948
1.00399
1.00263
0.999911
1.00127
1.00135
0.999496
1.00093
1.00252
1.01115
1.01383
1.01594
1.02143
1.02887
1.03308
1.03313
1.03194
1.03372
1.03436
1.03845
1.04074
1.0326
1.03057
1.02289
1.02246
1.01762
1.02397
1.01743
1.01242
1.01134
1.01399
1.02068
1.01586
1.01486
1.00965
1.01081
1.0094
1.01322
1.01266
1.02636
1.02746
1.02182
1.01446
1.00956
1.00426
0.997989
1.00067
0.999573
1.00314
1.00261
1.00597
1.01423
1.0169
1.0151
1.02101
1.02537
1.03683
1.04004
1.02955
1.02702
1.02066
1.0304
1.02071
1.0245
1.02608
1.03418
1.03746
1.03799
1.04043
1.03424
1.03415
1.03398
1.02925
1.02712
1.02328
1.02509
1.03423
1.0439
1.04567
1.03621
1.03185
1.02725
1.03007
1.03465
1.04281
1.04652
1.04434
1.05161
1.052
1.06108
1.05666
1.05949
1.06054
1.05827
1.04857
1.03849
1.0365
1.0326
1.04022
1.04093
1.04157
1.04073
1.03817
1.03888
1.03489
1.03687
1.0306
1.02749
1.02601
1.02058
1.02501
1.02446
1.02662
1.01753
1.01669
1.01927
1.01721
1.01883
1.0089
1.00521
1.00111
1.00663
1.00805
1.01999
1.02499
1.02811
1.02743
1.02293
1.026
1.03603
1.03883
1.03701
1.04479
1.05057
1.05408
1.05854
1.0697
1.07219
1.07131
1.06634
1.06511
1.06321
1.06296
1.06726
1.06474
1.06214
1.06064
1.05405
1.04638
1.04508
1.04667
1.04726
1.04333
1.03896
1.03145
1.02318
1.01995
1.02164
1.02017
1.01281
1.00557
0.999515
0.997384
0.992474
0.986885
0.980949
0.978781
0.979437
0.976259
0.980957
0.982821
0.983745
0.984217
0.979825
0.980997
0.984993
0.986845
0.984148
0.978627
0.972657
0.977925
0.976754
0.98029
0.982657
0.987694
0.976582
0.985366
0.996753
1.01069
1.0286
1.03654
1.04037
1.03853
1.04894
1.06185
1.07471
1.08109
1.0802
1.07797
1.0767
1.07634
1.07488
1.07075
1.07512
1.06787
1.05887
1.05298
1.05055
1.04739
1.03866
1.03066
1.03515
1.03593
1.03256
1.02133
1.01923
1.0067
1.00677
1.00278
1.00091
0.99699
0.990736
0.986555
0.980375
0.970726
0.967119
0.974253
0.969743
0.970893
0.96421
0.96849
0.969729
0.971739
0.976728
0.976298
0.982892
0.988873
1.00245
1.01025
1.02133
1.02289
1.02783
1.02095
1.02105
1.02472
1.03355
1.03752
1.03574
1.03772
1.04088
1.04571
1.04407
1.04172
1.03613
1.03554
1.02903
1.02645
1.03055
1.02484
1.02737
1.02543
1.02026
1.01654
1.01825
1.01982
1.01603
1.00845
1.00602
1.00812
1.00232
1.00044
0.999815
1.00668
1.00244
0.995275
0.98085
0.976626
0.981643
0.982821
0.989056
0.995463
0.990778
0.993618
0.996957
1.00572
1.01277
1.0242
1.02297
1.02232
1.01959
1.02251
1.03109
1.03152
1.03054
1.02656
1.02986
1.03611
1.03709
1.04128
1.04267
1.05248
1.05612
1.04876
1.04712
1.04488
1.04482
1.04627
1.03443
1.02915
1.02369
1.02602
1.02465
1.01354
1.00406
0.998837
1.0008
1.00262
1.00529
1.00176
0.997086
0.992935
0.989762
0.992504
0.995263
0.99697
1.00687
1.01007
1.00407
0.999024
1.00238
1.00705
1.01561
1.02568
1.02198
1.02328
1.02168
1.0221
1.02465
1.02259
1.02395
1.016
1.01562
1.00622
1.00894
1.00784
1.00909
1.00638
1.00875
1.01414
1.01685
1.01538
1.0139
1.0057
1.00085
1.00044
1.00666
1.00715
1.01379
1.01127
1.00586
1.00636
1.00726
1.01079
1.00403
1.0035
0.996585
1.00273
1.01115
1.00922
1.00808
1.00439
1.00689
1.00826
1.01051
1.01354
1.00926
1.00913
1.0172
1.01937
1.03158
1.03751
1.04961
1.04456
1.04196
1.03374
1.03023
1.02528
1.02001
1.01462
1.01282
1.00302
0.998744
0.996559
0.992495
0.984344
0.978058
0.977601
0.972455
0.973881
0.977318
0.978048
0.983191
0.985181
0.988422
0.993703
0.99086
0.991273
0.992679
0.997696
1.00357
1.00668
1.01195
1.01652
1.02453
1.03153
1.03532
1.04518
1.03962
1.03687
1.04071
1.05033
1.05166
1.05529
1.05648
1.05782
1.04775
1.04691
1.04371
1.04624
1.04353
1.03738
1.03236
1.0261
1.02199
1.01521
1.01488
1.0074
1.00016
0.993757
0.980671
0.979151
0.976345
0.97931
0.970262
0.962782
0.960967
0.951145
0.943503
0.951714
0.948514
0.958714
0.964883
0.966929
0.964557
0.969334
0.980783
0.988326
0.993885
0.997432
1.00761
1.01663
1.02232
1.02358
1.02661
1.03279
1.03929
1.03887
1.03236
1.02569
1.01999
1.02086
1.02221
1.01785
1.0164
1.01532
1.01
1.01089
1.01539
1.00905
1.00922
1.01074
1.01541
1.01942
1.01863
1.01637
1.01646
1.01985
1.02309
1.02294
1.02632
1.02932
1.02693
1.02322
1.01464
1.00794
1.00736
1.01165
1.0206
1.02612
1.02139
1.01871
1.01438
1.01913
1.03243
1.03771
1.05234
1.05005
1.05101
1.04376
1.04665
1.04988
1.05988
1.06263
1.06774
1.07322
1.07369
1.07103
1.06735
1.06733
1.07089
1.06458
1.05984
1.04388
1.04157
1.03179
1.03028
1.01542
1.00544
1.00485
0.994696
0.996027
0.994548
0.985611
0.977012
0.982942
0.988703
0.985776
0.996078
0.994073
0.994072
0.990431
0.994093
0.997372
1.00525
1.00606
1.00735
1.0022
1.00968
1.00024
0.996721
0.994761
0.999061
1.00392
1.01112
1.01749
1.01779
1.02405
1.02297
1.02888
1.04168
1.04829
1.05566
1.05352
1.06673
1.05998
1.06841
1.07711
1.06948
1.07867
1.069
1.07726
1.06502
1.06583
1.06594
1.07175
1.07749
1.07719
1.07699
1.06904
1.07077
1.06833
1.06086
1.06152
1.06953
1.06777
1.05962
1.04461
1.03727
1.02931
1.02569
1.0288
1.03378
1.03878
1.03471
1.02187
1.01294
1.00994
1.01391
1.01999
1.02195
1.01349
1.00248
0.998842
0.999508
1.01026
1.01038
1.01983
1.01953
1.02262
1.02457
1.0215
1.02668
1.02858
1.03351
1.03622
1.02831
1.03406
1.02624
1.03576
1.03793
1.02776
1.02145
1.01708
1.02785
1.02171
1.02532
1.02443
1.03058
1.0248
1.01731
1.01894
1.02728
1.03375
1.02898
1.02377
1.02011
1.02803
1.02534
1.02707
1.02269
1.02352
1.02519
1.02529
1.02719
1.03241
1.03865
1.03797
1.04675
1.05
1.05116
1.06328
1.07433
1.08199
1.07169
1.06924
1.06632
1.06928
1.06732
1.05874
1.06064
1.05687
1.04798
1.03901
1.0303
1.03505
1.03324
1.03288
1.02683
1.0149
1.01719
1.02121
1.01659
1.01735
1.0131
1.01438
1.01416
1.01114
1.01007
1.00316
1.0047
1.00999
1.01344
1.01383
1.02134
1.02848
1.03811
1.03664
1.04073
1.04969
1.05468
1.05217
1.04642
1.05682
1.06468
1.06759
1.06182
1.05482
1.05405
1.04745
1.03911
1.03169
1.02801
1.03181
1.02649
1.02069
1.01151
1.01041
1.009
1.00979
1.01498
1.01083
1.00544
1.00328
1.00787
1.01148
1.00696
1.00329
1.00188
1.0012
1.00543
1.00571
1.00846
1.0092
1.00936
1.00811
1.01358
1.0154
1.01149
1.00976
1.0075
1.01436
1.01382
1.01404
1.00977
1.00685
1.00547
1.00435
1.00886
1.01225
1.01312
1.01239
1.01696
1.01995
1.02577
1.02993
1.02553
1.02389
1.02195
1.02613
1.02751
1.02812
1.02799
1.02957
1.034
1.03743
1.04371
1.05117
1.05411
1.05202
1.045
1.04204
1.04331
1.04564
1.04794
1.0493
1.04841
1.04818
1.04529
1.04315
1.04107
1.03685
1.03081
1.02486
1.02214
1.01737
1.01398
1.00515
0.999895
0.994922
0.99291
0.985676
0.975983
0.967277
0.963414
0.961696
0.965724
0.964265
0.964522
0.965295
0.967487
0.969663
0.980329
0.98773
0.994552
0.998637
1.00677
1.01282
1.018
1.02738
1.03875
1.04601
1.04727
1.0471
1.04895
1.05005
1.05028
1.04813
1.04541
1.04284
1.04437
1.04714
1.04846
1.05031
1.05269
1.05019
1.04791
1.0459
1.04298
1.04217
1.04039
1.04
1.04153
1.03642
1.02916
1.0238
1.02048
1.01934
1.02007
1.02093
1.01817
1.0146
1.01734
1.02192
1.02244
1.02147
1.0242
1.02689
1.03206
1.03676
1.04213
1.04777
1.05105
1.05581
1.06287
1.06866
1.07189
1.0753
1.07961
1.08472
1.09395
1.10004
1.1009
1.09681
1.09176
1.08342
1.07455
1.06258
1.04841
1.02965
1.01407
0.99975
0.985583
0.974594
0.962314
0.944793
0.924523
0.908704
0.900016
0.902756
0.90517
0.903931
0.901103
0.898129
0.898987
0.893402
0.892091
0.892695
0.891816
0.891243
0.887616
0.889167
0.889359
0.893262
0.903041
0.913471
0.923359
0.932765
0.941496
0.952087
0.962853
0.974856
0.98396
0.998239
1.01416
1.0327
1.04683
1.04693
1.0441
1.0427
1.04135
1.03806
1.0365
1.05367
1.06213
1.0835
1.09526
1.08499
1.08185
1.08633
1.10859
1.12256
1.1294
1.13495
1.13904
1.14372
1.14824
1.157
1.15461
1.15185
1.14617
1.13625
1.12286
1.11058
1.10097
1.09578
1.09148
1.0802
1.06712
1.06248
1.05777
1.04468
1.03723
1.032
1.03807
1.02615
1.02871
1.02614
1.01899
1.01212
1.00729
1.00314
1.00143
0.999946
1.0046
1.0066
1.01026
1.01134
1.00961
1.01172
1.01336
1.01123
1.01387
1.0218
1.02418
1.02669
1.03207
1.03892
1.04107
1.048
1.0467
1.04646
1.05151
1.05494
1.05235
1.05015
1.04786
1.0423
1.03822
1.03864
1.04418
1.04517
1.04402
1.04771
1.04571
1.04246
1.04255
1.04447
1.0504
1.04322
1.02976
1.01452
1.0025
0.996355
0.998328
1.00734
1.01084
1.00452
0.987783
0.982866
0.988306
0.992413
0.999442
1.00408
1.00261
0.994244
0.991371
0.992685
0.991159
0.995314
0.997759
1.00057
1.00314
1.00341
1.00197
1.0009
1.00578
1.0035
1.00625
1.00937
1.00719
1.00352
1.00702
1.01715
1.02057
1.02485
1.03243
1.03682
1.04276
1.04484
1.0414
1.03835
1.04015
1.04017
1.03773
1.03296
1.02856
1.02285
1.01789
1.01307
1.00678
1.0027
1.00295
1.00608
1.00477
1.00488
1.00964
1.01169
1.00875
1.01777
1.02626
1.0304
1.03318
1.03631
1.03701
1.03745
1.0436
1.0493
1.05516
1.06034
1.05963
1.05232
1.04416
1.04004
1.0382
1.03829
1.03291
1.02375
1.01354
1.00565
1.00463
1.00312
0.999213
0.998931
0.993454
0.986897
0.985378
0.982372
0.979595
0.977247
0.98049
0.976746
0.97122
0.971591
0.968546
0.969681
0.967386
0.968886
0.970733
0.974314
0.977616
0.982147
0.986579
0.98146
0.984766
0.989531
0.995926
1.00115
1.00387
1.00786
1.01011
1.01536
1.01871
1.02068
1.02187
1.02488
1.0268
1.02689
1.02425
1.02248
1.02063
1.0203
1.02044
1.02075
1.02173
1.02517
1.02647
1.02337
1.02184
1.02338
1.02487
1.02417
1.02608
1.02825
1.02616
1.02381
1.02274
1.02246
1.02044
1.02046
1.01979
1.01722
1.0139
1.00504
1.00191
1.00146
1.00905
1.01238
1.0127
1.01297
1.01007
1.00791
1.01048
1.0144
1.01604
1.0177
1.02014
1.01905
1.01637
1.01488
1.01474
1.01418
1.01335
1.01103
1.00885
1.00836
1.01267
1.0108
1.00818
1.00974
1.01143
1.01148
1.01503
1.01874
1.01592
1.01639
1.01896
1.02125
1.02334
1.02452
1.02634
1.02845
1.03156
1.033
1.03157
1.03012
1.02817
1.02721
1.02801
1.0294
1.02907
1.02824
1.02532
1.02201
1.01825
1.01566
1.01623
1.01686
1.01521
1.01176
1.00749
1.00401
1.00156
1.00077
0.997952
0.9986
1.00186
1.00202
1.00268
1.0014
1.00372
1.00765
1.01012
1.00996
1.01172
1.01559
1.01708
1.01853
1.02053
1.02601
1.02816
1.02907
1.02752
1.0267
1.02898
1.02934
1.02734
1.02542
1.0206
1.01742
1.01754
1.01627
1.0138
1.0127
1.00958
1.00684
1.00392
1.00744
1.01137
1.01265
1.00969
1.00621
1.00696
1.00771
1.00891
1.00858
1.00326
0.997619
0.99203
0.988764
0.98768
0.984975
0.982693
0.980374
0.97834
0.980434
0.981091
0.983283
0.982095
0.982066
0.985701
0.985553
0.986923
0.987074
0.988818
0.990337
0.994737
0.998203
0.993748
0.990404
0.99152
0.994487
0.994417
0.99625
0.995799
0.997661
1.00083
1.002
1.00494
1.00824
1.01369
1.01123
1.01093
1.01347
1.0164
1.01903
1.02552
1.02863
1.02687
1.02677
1.02757
1.02566
1.02361
1.02172
1.02175
1.01917
1.01907
1.01573
1.01584
1.01568
1.01691
1.01566
1.01525
1.01674
1.01597
1.01459
1.01208
1.01134
1.01072
1.00923
1.00762
1.00434
1.00481
1.00322
1.00397
1.00206
0.999469
0.995547
0.995397
0.99601
0.996583
0.99564
0.993539
0.993651
0.992462
0.990343
0.992054
0.995872
0.997232
0.996842
0.999223
0.9992
1.00074
1.00138
1.00367
1.00043
0.999291
0.998948
1.00206
1.00166
1.00179
1.00133
1.00245
1.00167
1.00406
1.00562
1.00686
1.00552
1.00574
1.00414
1.00319
1.00218
1.00286
1.00409
1.00742
1.00996
1.0082
1.00482
1.00596
1.01067
1.01318
1.01991
1.02222
1.01668
1.01382
1.01022
1.00811
1.00941
1.01491
1.01318
1.0108
1.00538
1.00393
1.00247
1.00188
0.999835
0.994771
0.992391
0.984576
0.977412
0.971974
0.975247
0.974158
0.976142
0.977891
0.974891
0.972743
0.972129
0.974073
0.975678
0.983979
0.988916
0.991472
0.992433
0.994343
0.999885
0.996329
0.996061
0.999891
1.00632
1.00735
1.00611
1.00424
1.0052
1.00651
1.01086
1.01439
1.01347
1.01278
1.00954
1.00658
1.00438
1.00522
1.00939
1.01211
1.01069
1.00774
1.00405
1.00743
1.00962
1.01202
1.01134
1.01096
1.01252
1.01373
1.01308
1.00762
1.00559
1.00335
1.00337
1.00377
1.00184
0.999402
0.999853
0.997858
0.996313
0.995433
0.993781
0.992737
0.992546
0.990571
0.986557
0.985564
0.985107
0.986304
0.985739
0.984091
0.983148
0.983739
0.987169
0.987296
0.982227
0.981938
0.985662
0.987606
0.987365
0.989956
0.990472
0.988735
0.984522
0.98028
0.978011
0.979791
0.979722
0.977804
0.977255
0.976265
0.976519
0.978876
0.982077
0.9872
0.987686
0.990234
0.990068
0.990733
0.992387
0.998676
1.00065
1.00755
1.00955
1.01176
1.00789
1.00341
1.00244
1.00654
1.00844
1.0075
1.00665
1.00542
1.00307
1.00281
1.00291
1.00323
1.00529
1.00551
1.00259
0.997774
0.992303
0.990889
0.990824
0.985462
0.981668
0.976594
0.974865
0.971934
0.971364
0.973648
0.975607
0.976497
0.976713
0.975586
0.976248
0.978125
0.982649
0.986006
0.992381
0.995542
0.989985
0.986632
0.986425
0.986717
0.98959
0.986974
0.987393
0.984716
0.987177
0.987323
0.987302
0.986846
0.987045
0.983655
0.976284
0.971029
0.964807
0.95481
0.942371
0.929984
0.913041
0.895853
0.89754
0.90843
0.922684
0.932042
0.943148
0.95369
0.974209
1.00087
1.02868
1.04588
1.04355
1.04958
1.05965
1.07808
1.09702
1.1112
1.1258
1.1216
1.11655
1.10662
1.10068
1.09941
1.103
1.10382
1.10039
1.08882
1.07032
1.05375
1.05178
1.04663
1.04349
1.03088
1.01601
1.00989
0.999784
0.996981
0.990882
0.999648
0.995543
0.987487
0.984933
0.973278
0.957563
0.946125
0.950872
0.95869
0.966931
0.972608
0.969294
0.968955
0.970016
0.983392
0.994368
1.00869
1.01125
1.00915
1.01534
1.02419
1.03634
1.05236
1.06567
1.06807
1.06846
1.0718
1.07669
1.08463
1.09048
1.09532
1.0993
1.09776
1.09485
1.09096
1.09159
1.08744
1.08715
1.0857
1.0875
1.08385
1.07844
1.07625
1.0832
1.0851
1.08664
1.09348
1.09221
1.08881
1.08313
1.08726
1.09403
1.09692
1.09631
1.09474
1.09155
1.09071
1.08999
1.08911
1.09311
1.10349
1.10406
1.10217
1.09909
1.09997
1.10409
1.10558
1.1067
1.10391
1.10185
1.10114
1.10406
1.10686
1.10902
1.10268
1.09867
1.09748
1.09574
1.09607
1.09327
1.08984
1.08519
1.08074
1.07806
1.07276
1.07117
1.0727
1.07118
1.06953
1.06762
1.06819
1.06612
1.06611
1.06121
1.05722
1.05336
1.0527
1.0511
1.05067
1.04797
1.04491
1.04365
1.04107
1.03694
1.03278
1.03625
1.03767
1.03678
1.03169
1.02735
1.02653
1.02789
1.02938
1.02588
1.02382
1.02213
1.02444
1.02443
1.01951
1.01789
1.01694
1.0159
1.01865
1.02124
1.02326
1.0231
1.02729
1.02288
1.0216
1.02272
1.0307
1.03739
1.03822
1.03665
1.03817
1.03414
1.03201
1.02897
1.03129
1.03109
1.03004
1.02664
1.02198
1.0177
1.01807
1.01896
1.01776
1.01227
1.00961
1.00548
1.00036
0.997638
0.998476
0.99916
0.996015
0.99612
0.997663
0.997862
0.997371
0.995065
0.996467
0.997386
1.00073
1.00435
1.00565
1.0051
0.997605
0.993299
0.99002
0.990431
0.991484
0.992249
0.990044
0.988453
0.990001
0.991117
0.991432
0.99771
1.00227
1.00488
1.00528
1.00287
1.00268
1.00553
1.00692
1.01002
1.01586
1.01917
1.0119
1.01213
1.01368
1.01323
1.01208
1.01542
1.01532
1.01408
1.01366
1.00644
1.00126
0.999364
0.999289
1.00226
1.00062
1.00323
1.00271
1.00136
1.00405
1.00587
1.00561
1.00419
1.00554
1.00708
1.00582
1.00211
0.998468
0.997903
0.994582
0.992192
0.989545
0.989492
0.986176
0.979932
0.977881
0.979779
0.981413
0.984409
0.983011
0.982242
0.979949
0.980407
0.980697
0.984447
0.983185
0.985427
0.988227
0.986995
0.987651
0.99113
0.99502
0.997068
0.996327
0.994819
0.992631
0.99072
0.993557
0.99628
0.998425
0.998552
0.996085
0.991759
0.991178
0.992573
0.996552
1.00024
1.00316
1.0001
0.996366
0.995089
0.996496
0.996184
0.996638
0.999582
0.998653
0.999523
0.993782
0.991543
0.988772
0.992904
0.995359
0.996674
0.996744
0.998409
0.999286
0.998797
1.00263
1.00717
1.01211
1.01458
1.01189
1.0114
1.01123
1.0122
1.01273
1.01295
1.01193
1.00993
1.00897
1.00634
1.00396
1.00303
1.00314
1.00459
1.00279
1.00058
0.999532
1.0012
1.00076
1.00074
0.99684
0.996904
0.997954
1.00127
0.999111
0.995764
0.996024
0.995555
0.998585
1.00131
1.00195
0.999766
0.997002
0.995478
0.993631
0.991738
0.993332
0.996051
0.998602
1.00064
1.00046
0.997768
0.998544
1.00386
1.00715
1.01103
1.01523
1.01783
1.02077
1.02228
1.02317
1.02466
1.02389
1.02343
1.0184
1.01058
1.0068
1.00296
1.00436
1.00051
0.997814
0.993707
0.991489
0.988809
0.986946
0.988171
0.988139
0.991702
0.990376
0.988416
0.99129
0.993674
0.993091
0.992023
0.991171
0.988204
0.990388
0.990395
0.990322
0.989762
0.98905
0.986247
0.985923
0.990613
0.991272
0.996852
0.997722
0.996351
0.994424
0.995407
0.998107
1.00403
1.0064
1.00381
1.00316
1.00572
1.01014
1.00955
1.01039
1.01157
1.00661
1.00671
1.00381
1.00234
1.00068
1.00409
1.00238
0.997724
0.994152
0.996234
0.996767
0.993761
0.995973
0.998034
0.998833
1.00051
0.998214
1.00042
1.00118
1.00122
0.994409
0.99562
0.997737
0.999712
1.0055
1.00765
1.00928
1.00702
1.00835
1.0101
1.01326
1.01747
1.02033
1.02436
1.02924
1.0287
1.02888
1.02897
1.03208
1.03224
1.03489
1.03028
1.02694
1.027
1.03071
1.03235
1.03219
1.03012
1.02945
1.03174
1.03296
1.0306
1.02994
1.02832
1.02722
1.02403
1.02254
1.02148
1.01799
1.01922
1.01736
1.01645
1.01356
1.00904
1.00797
1.01033
1.01433
1.0168
1.01822
1.01623
1.01394
1.01269
1.01006
1.01098
1.01052
1.01321
1.0141
1.01218
1.00891
1.012
1.01484
1.01992
1.02315
1.01896
1.01503
1.01105
1.0045
1.00407
1.00648
1.0098
1.00611
1.00043
0.994269
0.990756
0.993444
1.00137
1.0041
1.00161
1.00232
1.00083
0.997206
0.998271
1.00017
1.00269
1.00561
1.00862
1.0067
1.00818
1.0112
1.01335
1.01448
1.01881
1.02296
1.02061
1.02005
1.01689
1.01837
1.01822
1.0199
1.0135
1.00898
1.00939
1.00987
1.01101
1.00897
1.00933
1.00969
1.01124
1.01351
1.01617
1.0223
1.02881
1.02667
1.03161
1.03442
1.04067
1.04116
1.04265
1.03775
1.03653
1.036
1.03559
1.03805
1.03655
1.03489
1.03145
1.02955
1.02723
1.02719
1.02665
1.01882
1.01809
1.0158
1.01588
1.01436
1.01359
1.00924
1.00505
1.00352
1.00148
1.00077
0.998479
0.997603
0.996015
0.995035
0.992298
0.992663
0.994074
0.995014
0.991768
0.988918
0.990534
0.988689
0.988457
0.988245
0.989508
0.989214
0.98843
0.988459
0.987571
0.987104
0.991442
0.992468
0.992415
0.990793
0.993025
0.995093
0.999027
1.00105
1.00048
1.00356
1.00597
1.00958
1.00938
1.00945
1.01104
1.00951
1.01018
1.01051
1.01147
1.01276
1.01444
1.01074
1.00956
1.01172
1.01592
1.02115
1.02378
1.01818
1.01577
1.01707
1.02536
1.02567
1.019
1.01361
1.0129
1.01262
1.01074
1.01175
1.01122
1.01046
1.00877
1.00622
1.00601
1.00848
1.01352
1.01451
1.0148
1.01446
1.01455
1.0153
1.00918
1.00463
1.0019
1.00237
1.00105
1.00171
0.999381
0.997023
0.997767
1.00365
1.00761
1.0099
1.00487
1.00414
1.00666
1.00991
1.01003
1.01029
1.00616
1.00531
1.00466
1.00274
1.00991
1.00963
1.01061
1.00809
1.00734
1.0085
1.00859
1.01132
1.00747
1.00114
1.00066
1.00294
1.00642
1.00524
1.00755
1.00834
1.01426
1.0168
1.0176
1.01786
1.01948
1.02312
1.02403
1.0187
1.01584
1.01121
1.00904
1.00803
1.00873
1.00995
1.00922
1.00891
1.0087
1.01084
1.01392
1.01563
1.01675
1.01539
1.01596
1.01895
1.01761
1.01881
1.02119
1.022
1.02258
1.02502
1.03075
1.03645
1.04573
1.03725
1.02473
1.01617
1.01511
1.02214
1.02335
1.02172
1.02305
1.01878
1.02043
1.01469
1.00954
1.01213
1.01882
1.01477
1.00806
1.00354
1.0041
1.00938
1.01496
1.01351
1.00231
0.999328
0.999698
0.998404
0.998223
1.00516
1.00591
1.00665
1.00603
1.00558
1.00417
1.0045
1.00309
1.002
0.999682
0.997855
0.997571
0.995181
0.994021
0.991733
0.989299
0.987057
0.986287
0.985162
0.986283
0.988431
0.991402
0.992579
0.997792
1.00184
1.0021
1.00275
1.00319
1.00894
1.01304
1.01795
1.02043
1.02219
1.02333
1.0208
1.0275
1.03122
1.0349
1.04096
1.04376
1.04472
1.04189
1.03716
1.03651
1.03686
1.03793
1.03698
1.03371
1.02766
1.0262
1.0265
1.02597
1.0224
1.02274
1.01926
1.01763
1.01429
1.01144
1.00769
1.00479
1.00329
1.00324
1.00025
1.00352
1.00438
1.0039
1.00617
1.00974
1.0121
1.00934
1.00602
1.00423
1.00383
1.00356
1.00816
1.00877
1.00964
1.01021
1.01331
1.01349
1.01712
1.01912
1.02085
1.02154
1.02256
1.02471
1.02886
1.03121
1.02671
1.02539
1.02924
1.03299
1.03623
1.03589
1.03505
1.03582
1.03296
1.02998
1.03068
1.03036
1.02776
1.02556
1.01897
1.01429
1.00825
1.00879
1.0065
1.00251
0.996926
0.992166
0.992701
0.994298
0.994304
0.992003
0.991187
0.990603
0.988389
0.98678
0.983951
0.984371
0.983135
0.982307
0.979015
0.977218
0.976513
0.973352
0.971863
0.969054
0.963895
0.962701
0.963593
0.965714
0.967796
0.967826
0.970283
0.973173
0.98102
0.983442
0.989926
0.992864
1.00029
1.00788
1.01888
1.02544
1.03156
1.03666
1.04128
1.04381
1.0439
1.04532
1.04799
1.0484
1.04531
1.04408
1.04109
1.04128
1.04351
1.04295
1.03702
1.03341
1.03506
1.0384
1.04066
1.04361
1.04135
1.04107
1.03495
1.0351
1.03709
1.03725
1.03641
1.03246
1.02626
1.02613
1.02691
1.02689
1.02698
1.02637
1.02332
1.02129
1.02496
1.02641
1.02114
1.01834
1.01682
1.01888
1.02032
1.02015
1.01676
1.01888
1.01776
1.01808
1.01208
1.01009
1.00747
1.01247
1.01014
1.00759
1.0042
1.00469
1.0067
1.00559
1.00513
1.00369
1.00168
1.00417
1.00065
1.00082
0.99588
1.00105
1.00072
1.0038
1.00901
1.00698
1.00428
1.00983
1.01376
1.01452
1.01415
1.01922
1.02306
1.02462
1.02603
1.03164
1.03466
1.03722
1.03495
1.03564
1.03576
1.03098
1.02621
1.02299
1.02155
1.01895
1.01644
1.0074
1.00441
1.00296
1.00313
1.00021
0.998656
0.995518
0.993465
0.993226
0.99266
0.993552
0.994918
0.997603
0.996458
1.00206
1.00521
1.01008
1.00869
1.0058
1.00649
1.00802
1.00694
1.01047
1.01481
1.01493
1.01398
1.01287
1.01718
1.01685
1.01926
1.0184
1.01879
1.01416
1.01011
1.00849
1.00759
1.00867
1.01045
1.01151
1.00779
1.01071
1.01846
1.02258
1.0257
1.03012
1.02851
1.03084
1.03497
1.04015
1.04316
1.04327
1.04466
1.04687
1.0492
1.05105
1.05276
1.05048
1.04857
1.04325
1.03502
1.02465
1.02185
1.02102
1.0165
1.00803
1.001
0.998527
0.996609
0.999538
1.00011
0.998416
0.996076
1.00041
1.00059
1.00286
1.0044
1.0059
1.00746
1.01191
1.0116
1.01363
1.01713
1.01805
1.01455
1.01257
1.01289
1.01639
1.01813
1.01731
1.01672
1.01982
1.01812
1.0164
1.01605
1.01571
1.01816
1.01848
1.01506
1.00958
1.00323
1.00183
1.00345
1.00227
0.996615
0.991191
0.986319
0.980047
0.981768
0.984627
0.983618
0.984008
0.982688
0.98576
0.988293
0.994702
1.00198
1.00927
1.01503
1.02046
1.0227
1.02955
1.04009
1.04507
1.04249
1.03812
1.04005
1.04279
1.04491
1.04126
1.0426
1.04424
1.04135
1.03503
1.02519
1.0177
1.00981
1.00652
1.00654
1.00289
1.00238
1.00043
0.995957
0.993193
0.997232
1.0013
0.999583
0.996281
0.992442
0.990728
0.993796
1.00297
1.00813
1.00426
1.00797
1.00364
1.00629
1.00672
1.01115
1.01772
1.01616
1.01273
1.01102
1.00722
1.01093
1.01958
1.01972
1.0197
1.02213
1.02325
1.0219
1.02558
1.0306
1.03325
1.03055
1.03135
1.03041
1.02987
1.03176
1.03865
1.04102
1.03769
1.03593
1.04235
1.04795
1.04469
1.04514
1.0467
1.04775
1.04541
1.04673
1.04135
1.03902
1.0461
1.04258
1.03977
1.03627
1.03169
1.02562
1.02258
1.02341
1.0204
1.02165
1.0237
1.02478
1.02724
1.02472
1.02229
1.01746
1.01016
1.01732
1.01983
1.01685
1.0149
1.01357
1.01557
1.01687
1.01614
1.01803
1.02044
1.02406
1.0235
1.02527
1.02472
1.02213
1.02168
1.0187
1.0153
1.01579
1.01461
1.01285
1.0131
1.01323
1.01592
1.02251
1.0316
1.03458
1.0311
1.03198
1.03623
1.04041
1.04617
1.05255
1.05259
1.04762
1.05023
1.05375
1.05977
1.06248
1.05734
1.05247
1.04679
1.0426
1.04233
1.04149
1.03636
1.03597
1.03767
1.03695
1.03339
1.03817
1.04292
1.03952
1.03622
1.03482
1.03337
1.03077
1.02793
1.02561
1.01878
1.01075
1.00785
1.003
0.99558
0.994711
0.989893
0.990051
0.99033
0.986767
0.983842
0.983754
0.98109
0.977611
0.980701
0.980627
0.98065
0.983762
0.97969
0.978863
0.98569
0.996184
1.00242
1.0122
1.01798
1.02258
1.0266
1.03014
1.03216
1.03098
1.03623
1.0376
1.03304
1.03142
1.03106
1.0346
1.03611
1.03214
1.02849
1.02516
1.02297
1.02185
1.0198
1.01864
1.01903
1.01489
1.00884
1.00162
0.996564
0.993516
0.991498
0.994624
0.995408
0.997407
0.998673
0.993884
0.990631
0.991528
0.997588
1.00185
1.00458
1.00435
1.00236
1.00157
1.00472
1.00941
1.01365
1.01917
1.01774
1.01209
1.01103
1.01252
1.01643
1.01858
1.02053
1.01637
1.01504
1.01528
1.01902
1.02186
1.02103
1.02007
1.01561
1.01598
1.01411
1.01482
1.01656
1.01978
1.01966
1.01912
1.01634
1.00997
1.00513
1.00165
1.00013
0.996975
0.997148
0.998358
0.997565
0.995238
0.994682
0.993752
0.994661
0.994211
0.991776
0.989524
0.988824
0.988949
0.987364
0.986212
0.986908
0.988983
0.989807
0.993204
0.994913
0.994758
0.995745
0.997912
1.00223
1.00362
1.00809
1.01157
1.01054
1.01099
1.01165
1.01479
1.01545
1.01567
1.0097
1.00946
1.00794
1.00437
0.998543
0.995887
0.992688
0.988469
0.985731
0.982945
0.978721
0.976612
0.97852
0.976658
0.978317
0.984421
0.988254
0.993073
1.00162
1.00632
1.0126
1.02167
1.03348
1.04635
1.05582
1.06115
1.06828
1.0771
1.08678
1.09491
1.09415
1.09319
1.08929
1.08146
1.07611
1.07236
1.06511
1.05769
1.04985
1.03529
1.02543
1.02095
1.01654
1.01198
1.00641
0.997385
0.986361
0.980306
0.977189
0.973601
0.97645
0.976933
0.975819
0.975858
0.978432
0.982689
0.984643
0.985361
0.989161
0.993283
0.995507
0.998564
0.999112
0.999202
1.00295
1.0073
1.0095
1.01467
1.01791
1.01917
1.02046
1.02008
1.02003
1.02372
1.02495
1.02572
1.02516
1.02283
1.02084
1.02169
1.02294
1.02168
1.02074
1.01983
1.01874
1.01689
1.01651
1.01637
1.01454
1.01289
1.01134
1.01085
1.00525
1.00546
1.00403
1.00126
1.00224
1.00433
1.00468
1.00457
1.00205
1.00013
1.0009
1.00127
1.00111
1.00029
0.99879
1.00086
1.00135
1.0024
1.00059
1.00186
1.00262
1.00008
0.998645
0.997984
0.998637
0.999047
0.997495
0.997129
0.99822
0.998574
0.998995
1.00025
1.00287
1.00283
1.00401
1.00739
1.00857
1.00862
1.0071
1.00972
1.01301
1.01703
1.01936
1.02269
1.02693
1.02827
1.02971
1.03046
1.03234
1.03475
1.03441
1.03025
1.02577
1.01988
1.01675
1.01389
1.01182
1.00935
1.00738
1.00148
0.997334
0.994111
0.991599
0.990152
0.986396
0.9796
0.975303
0.966571
0.961596
0.9525
0.953299
0.955102
0.956777
0.961409
0.96895
0.971194
0.974341
0.985439
0.997635
1.01225
1.02181
1.02438
1.02743
1.03238
1.0385
1.04728
1.05161
1.05489
1.05833
1.05954
1.05853
1.05831
1.0574
1.05874
1.05827
1.05486
1.04676
1.0405
1.03723
1.03231
1.0245
1.0207
1.0184
1.01316
1.01014
1.00867
1.00361
1.00173
1.00217
1.00371
1.00595
1.00432
1.00149
1.00532
1.00743
1.01056
1.01557
1.01913
1.0228
1.02452
1.02464
1.02346
1.02367
1.02618
1.02949
1.03117
1.02741
1.02437
1.01941
1.02021
1.01859
1.01569
1.01167
1.00962
1.00654
1.00644
1.00715
1.00459
1.00277
1.00068
1.00229
1.00323
1.0038
1.00548
1.00348
0.998902
0.99764
1.0016
1.00356
1.00413
1.00628
1.00769
1.00485
1.00357
1.00355
1.00348
1.00405
1.0026
0.998236
0.994579
0.991363
0.990185
0.991996
0.992812
0.995616
0.99566
0.99069
0.987282
0.986378
0.989093
0.991724
0.995381
0.995926
0.998286
0.998297
0.999894
1.00521
1.0058
1.00579
1.00741
1.00903
1.00749
1.00708
1.01146
1.00979
1.00847
1.00601
1.00964
1.01163
1.01338
1.01252
1.01238
1.00891
1.00886
1.01102
1.01885
1.0188
1.02238
1.02022
1.02008
1.02357
1.02718
1.03369
1.03362
1.03313
1.02726
1.02608
1.0267
1.02748
1.02803
1.03025
1.02835
1.02748
1.02633
1.02448
1.01913
1.01738
1.01925
1.01798
1.01627
1.01725
1.0176
1.01153
1.01185
1.01318
1.01217
1.01211
1.01255
1.00809
1.00654
1.00762
1.0058
1.00552
1.00149
0.998459
0.999186
0.999057
0.997642
0.999815
0.998792
0.997212
0.996446
0.995629
0.993399
0.996415
0.997914
0.998968
1.00025
1.00198
1.00554
1.00483
1.0022
1.00242
1.00597
1.00655
1.01087
1.01127
1.00499
1.00149
1.0006
0.999399
0.997947
0.996723
0.996057
0.996307
0.993908
0.991744
0.99085
0.995148
0.999011
1.00098
1.00344
1.00655
1.00366
1.00956
1.01412
1.01227
1.01278
1.01371
1.01045
1.00673
1.0091
1.01228
1.01156
1.00791
1.00864
1.00604
1.00052
0.998901
0.999794
1.00144
1.00363
1.00696
1.00882
1.01128
1.01074
1.01053
1.0125
1.01558
1.01576
1.01835
1.01888
1.02057
1.02332
1.02388
1.0215
1.01684
1.0144
1.01259
1.01185
1.01347
1.00901
1.00665
1.00348
1.00444
1.00272
1.00388
1.00512
1.00613
1.00226
0.998081
0.995048
0.996898
0.996357
0.996194
0.997017
0.996214
0.992734
0.990142
0.993808
0.999907
1.00584
1.01091
1.0176
1.02011
1.02512
1.02619
1.0251
1.02651
1.02776
1.02974
1.02842
1.02657
1.02611
1.02345
1.01986
1.01682
1.01386
1.01329
1.00949
1.00823
1.00306
1.00182
1.0004
0.999668
0.999287
1.00285
1.00193
1.00245
1.0008
1.00281
1.00432
1.00876
1.01057
1.01104
1.01072
1.01457
1.0171
1.01895
1.01983
1.02061
1.02204
1.02072
1.01577
1.01022
1.00978
1.0073
1.0078
1.00472
1.00357
1.00215
0.99998
0.995574
0.997039
0.999176
0.998218
1.00273
1.00014
0.998154
1.00021
1.00534
1.00769
1.00871
1.00967
1.009
1.00711
1.0089
1.01205
1.01337
1.01093
1.00997
1.00954
1.00962
1.00623
1.00915
1.0099
1.00718
1.00042
0.995008
0.990158
0.986426
0.990041
0.994762
0.99257
0.99189
0.990522
0.989796
0.989381
0.991998
0.994462
0.996228
0.997422
1.00288
1.00567
1.01014
1.01787
1.02057
1.02542
1.03096
1.0336
1.03665
1.03503
1.035
1.03227
1.02971
1.02442
1.02073
1.01818
1.0168
1.01234
1.00443
0.99941
0.995672
0.986725
0.978204
0.97433
0.968125
0.966415
0.96696
0.968793
0.976542
0.985603
0.9905
0.992737
1.00064
1.00644
1.01358
1.02019
1.02205
1.02383
1.02991
1.0336
1.03429
1.03265
1.03121
1.03072
1.02832
1.02328
1.01946
1.01883
1.01789
1.0126
1.00876
1.00476
1.0043
1.00861
1.01066
1.01071
1.01303
1.0167
1.01572
1.01493
1.01344
1.01647
1.01949
1.02206
1.02134
1.02019
1.02285
1.02414
1.02236
1.0199
1.01943
1.01622
1.01302
1.00776
1.00008
0.995047
0.992707
0.992159
0.991595
0.98885
0.987411
0.987173
0.984487
0.982342
0.984262
0.986511
0.989498
0.989571
0.990645
0.991981
0.992837
0.993574
0.997002
1.00061
1.00635
1.00732
1.00305
1.00137
1.00296
1.0067
1.01248
1.0127
1.01457
1.01369
1.01713
1.01482
1.01367
1.01225
1.0128
1.01278
1.013
1.01303
1.0138
1.01458
1.01684
1.01846
1.01945
1.01541
1.011
1.00843
1.01074
1.01334
1.01383
1.01262
1.01309
1.01178
1.01175
1.01395
1.01588
1.01994
1.02352
1.02494
1.02416
1.02308
1.02078
1.01668
1.01755
1.01758
1.01425
1.01079
1.00947
1.00916
1.00518
1.00679
1.01061
1.00992
1.00676
1.00775
1.00454
1.00246
0.997479
0.992527
0.991343
0.989401
0.989399
0.982407
0.973669
0.964137
0.924151
0.914829
0.916299
0.930313
0.920929
0.928402
0.923664
0.948709
0.964896
0.986215
0.994189
1.02327
1.04332
1.05356
1.05418
1.05861
1.06483
1.0737
1.08013
1.08579
1.08413
1.08324
1.08539
1.08327
1.082
1.0778
1.07783
1.07849
1.0723
1.05731
1.04325
1.03034
1.02696
1.02554
1.01962
1.0169
1.01176
1.00258
0.992377
0.994345
0.995346
0.996575
0.995844
0.999958
1.00105
1.00377
1.00271
1.00272
1.00814
1.01778
1.02579
1.02499
1.02831
1.03024
1.03134
1.03293
1.03595
1.03516
1.03506
1.03585
1.03061
1.02904
1.02904
1.03323
1.03167
1.02641
1.02333
1.02079
1.02082
1.02327
1.02297
1.02121
1.01851
1.01458
1.01131
1.0049
1.00661
1.00826
1.00771
1.0099
1.00841
1.00976
1.00662
1.00594
1.00889
1.0131
1.01816
1.0225
1.0233
1.01876
1.01667
1.01871
1.01853
1.02205
1.01641
1.00959
1.00532
1.00407
1.00599
1.00536
1.00742
1.01105
1.00977
1.00135
1.00078
1.00266
1.00875
1.0095
1.00888
1.00971
1.00192
0.992914
0.988862
0.995214
0.994241
0.998033
0.996925
1.00082
1.00434
1.01207
1.02199
1.01803
1.01953
1.0178
1.02009
1.02623
1.02942
1.03066
1.03096
1.02894
1.02372
1.01774
1.01263
1.00718
1.00743
1.00614
1.00267
1.00178
0.996436
0.994196
0.996487
0.999189
1.00469
1.00535
1.00929
1.01332
1.01486
1.01357
1.0132
1.01306
1.0159
1.01769
1.01391
1.01386
1.01834
1.01818
1.01385
1.01873
1.02001
1.0195
1.02277
1.02259
1.02028
1.02061
1.02097
1.01842
1.01491
1.01493
1.01454
1.01721
1.02052
1.01972
1.01863
1.01723
1.0179
1.01763
1.02249
1.0249
1.02057
1.01675
1.01595
1.01768
1.02413
1.02289
1.01842
1.01416
1.01031
1.00761
1.00565
1.00667
1.00421
1.00534
1.00399
1.0051
1.00776
1.00851
1.00742
1.00655
1.00986
1.00666
1.00419
1.0007
0.998832
0.997826
0.999338
1.00162
1.00381
1.01014
1.0073
1.00043
1.0017
1.00671
1.01121
1.01301
1.01402
1.01818
1.01948
1.02655
1.0334
1.03548
1.03722
1.03303
1.02922
1.0251
1.02229
1.01498
1.01324
1.01197
1.01412
1.01434
1.01451
1.01647
1.0187
1.01374
1.0089
1.00759
1.01138
1.01384
1.01272
1.01419
1.01143
1.00861
1.00766
1.00619
1.00386
1.0018
0.999919
0.998955
0.999063
1.00018
0.99666
0.995297
0.9948
0.992016
0.990194
0.99364
0.991194
0.992018
0.992095
0.993843
0.993165
0.99325
0.996242
0.996296
0.995633
0.996741
0.994786
0.994204
0.996597
0.996837
0.99698
0.999489
1.00409
1.00514
1.00689
1.00826
1.01751
1.02042
1.02253
1.02337
1.01603
1.01877
1.02268
1.02729
1.02615
1.02523
1.02696
1.02849
1.03027
1.02709
1.02637
1.0268
1.03192
1.03377
1.02806
1.02129
1.016
1.01054
1.00688
1.00849
1.00766
1.00778
1.00688
0.998672
0.989593
0.987968
0.995218
0.996171
0.99747
0.995928
0.995255
0.999329
1.00428
1.00715
1.0091
1.01387
1.01672
1.01836
1.01226
1.00972
1.00978
1.01657
1.02055
1.02474
1.02138
1.02195
1.02674
1.03277
1.0294
1.02575
1.0203
1.01634
1.01418
1.01368
1.00815
1.00506
1.00758
1.01112
1.01083
1.00691
1.00786
1.00767
1.00515
1.00573
1.00422
1.00442
1.00896
1.00806
1.00286
1.00207
1.00439
1.0088
1.014
1.0135
1.0081
1.01077
1.01571
1.02302
1.02662
1.02519
1.02227
1.0202
1.02222
1.01952
1.01543
1.01383
1.01194
1.01214
1.00523
0.998997
0.994925
0.996492
0.996508
0.99835
0.998805
1.00046
1.00326
1.00649
1.00477
1.00354
1.00903
1.01254
1.01281
1.00961
1.0085
1.01089
1.01538
1.01774
1.0178
1.01417
1.02032
1.02803
1.02967
1.03361
1.03029
1.02619
1.02674
1.03223
1.03042
1.02566
1.02398
1.02575
1.02291
1.01624
1.01081
1.00601
1.00344
1.00246
1.00341
1.00333
1.00152
1.00103
1.00161
1.00417
1.00324
1.00533
1.01081
1.01315
1.01211
1.01303
1.01293
1.01151
1.01044
1.01043
1.0115
1.00977
1.01128
1.00966
1.00887
1.0035
1.00064
1.00259
1.00207
1.00298
1.00524
1.00123
0.99482
0.992648
0.993546
0.999598
1.0025
1.00522
1.00298
1.0018
1.00389
1.00271
1.00051
1.00287
1.00291
1.00541
1.00284
1.00408
1.00261
1.00231
1.00196
1.00107
1.00448
1.00532
1.00665
1.00441
0.998607
0.997876
0.991898
0.995245
0.998382
1.00103
1.00467
1.00164
0.995014
0.990932
0.993116
0.998542
1.00371
1.00807
1.01218
1.01864
1.02548
1.02644
1.02938
1.03671
1.04539
1.04333
1.04189
1.03749
1.03393
1.04453
1.04917
1.04763
1.04753
1.04645
1.04532
1.04454
1.04715
1.04263
1.03895
1.02944
1.02446
1.02344
1.01979
1.01676
1.01214
1.0105
1.01333
1.011
1.00918
1.00896
1.00685
1.00119
0.999399
1.00362
1.00608
1.00714
1.00672
1.00847
1.00789
1.01011
1.01423
1.01054
1.00426
1.00254
1.0022
1.00357
1.00246
1.00386
1.00332
1.01046
1.01364
1.01165
1.01051
1.01429
1.02141
1.02601
1.02697
1.03127
1.02954
1.02671
1.0276
1.02801
1.03324
1.03496
1.03602
1.03344
1.02825
1.01929
1.01335
1.01221
1.01233
1.01302
1.00899
1.00241
0.995558
0.994595
0.993915
0.995035
0.992678
0.989433
0.986792
0.987698
0.993682
0.993074
0.991166
0.990836
0.989596
0.99122
0.993568
0.998308
1.0068
1.00619
0.998565
0.996542
0.99845
1.00016
0.998269
1.0001
1.00255
1.00646
1.00956
1.0125
1.01573
1.0178
1.02322
1.02674
1.03208
1.02806
1.02562
1.02628
1.03445
1.03766
1.03852
1.03886
1.03391
1.02961
1.02655
1.02575
1.02421
1.01922
1.01645
1.01634
1.01707
1.02111
1.02065
1.02113
1.02224
1.02175
1.02067
1.02216
1.02162
1.01245
1.0079
1.00714
1.00811
1.00532
1.00073
0.99433
0.993897
0.995725
1.00029
1.00375
0.997028
0.994515
0.994497
1.00115
1.00379
1.00808
1.01074
1.01073
1.01046
1.0117
1.01725
1.02394
1.02884
1.0372
1.04348
1.0486
1.05354
1.05647
1.05773
1.05796
1.05876
1.05554
1.05308
1.0528
1.05229
1.05078
1.04383
1.04181
1.03702
1.03099
1.02768
1.02015
1.014
1.01187
1.01402
1.01271
1.00705
1.00143
0.998052
0.996426
0.996841
0.998692
0.996088
0.988728
0.988344
0.992615
0.993192
0.98888
0.982787
0.981506
0.983723
0.989546
0.994909
1.00081
1.00432
1.00055
1.00703
1.01277
1.01729
1.01582
1.0201
1.02317
1.02628
1.03063
1.03198
1.03003
1.02712
1.02842
1.02583
1.02144
1.01783
1.01537
1.01185
1.01387
1.01754
1.02008
1.01888
1.01623
1.01421
1.01429
1.01626
1.01727
1.01467
1.01323
1.01162
1.01178
1.0091
1.01195
1.01462
1.01169
1.0063
1.00134
0.999753
0.998536
0.994538
0.991412
0.989868
0.986049
0.98157
0.981084
0.982529
0.985544
0.987444
0.983821
0.978293
0.975059
0.979397
0.984017
0.988447
0.990831
0.9906
0.985358
0.987916
0.988081
0.992962
0.998777
1.00574
1.01107
1.01251
1.01324
1.01637
1.01247
1.00613
1.00137
0.988582
0.990261
0.991645
0.99023
0.987973
0.984523
0.979929
0.986536
0.996281
1.00484
1.0135
1.02043
1.02517
1.03704
1.04697
1.05775
1.06695
1.07562
1.07887
1.07952
1.08314
1.08706
1.08358
1.0788
1.0759
1.07471
1.06899
1.06312
1.05205
1.04575
1.04018
1.03667
1.03266
1.03114
1.0282
1.02253
1.01458
1.00931
1.00606
1.00253
1.00255
0.999028
0.997909
0.997357
1.00047
1.00478
1.01258
1.01545
1.01544
1.01398
1.01751
1.01923
1.02498
1.02687
1.02776
1.02754
1.02636
1.02695
1.0264
1.02521
1.02504
1.0248
1.02595
1.02497
1.02748
1.03091
1.03153
1.03252
1.03332
1.03184
1.02882
1.02366
1.02013
1.01845
1.01755
1.01701
1.01598
1.01516
1.01255
1.0119
1.01017
1.00941
1.00987
1.01078
1.01093
1.0121
1.01163
1.0127
1.0142
1.01531
1.01522
1.01553
1.01491
1.01296
1.01345
1.01484
1.01599
1.01724
1.0202
1.01987
1.01969
1.01669
1.0144
1.01223
1.01088
1.01173
1.01257
1.01335
1.01317
1.01539
1.01679
1.01662
1.01826
1.02034
1.02064
1.02077
1.01655
1.01328
1.01057
1.00868
1.00682
1.00962
1.01064
1.00895
1.0076
1.00684
1.0066
1.00732
1.00827
1.00947
1.01001
1.00954
1.00924
1.01087
1.01446
1.01829
1.02171
1.02398
1.02679
1.02985
1.03284
1.03553
1.03798
1.03906
1.03813
1.03686
1.03638
1.03448
1.03272
1.02987
1.02682
1.02359
1.02007
1.01767
1.01701
1.01588
1.01524
1.01497
1.01703
1.01821
1.02014
1.02088
1.02134
1.02352
1.02566
1.02785
1.0305
1.03143
1.03262
1.03255
1.03104
1.0304
1.03003
1.02925
1.02969
1.03009
1.03077
1.02979
1.0281
1.02652
1.02531
1.02368
1.02168
1.01955
1.01744
1.01481
1.01262
1.01017
1.00769
1.00653
1.00487
1.00269
1.0023
1.00126
1.00132
1.00159
1.0039
1.0044
1.00657
1.0092
1.0115
1.01468
1.0183
1.02039
1.02237
1.02516
1.02857
1.02925
1.03055
1.03199
1.03308
1.03414
1.03479
1.0352
1.03476
1.03751
1.03986
1.04201
1.04343
1.04359
1.04406
1.04446
1.04416
1.04306
1.04188
1.04082
1.03895
1.03606
1.03084
1.0244
1.01665
1.00782
1.00251
1.00188
0.999133
0.994686
0.998384
1.00374
1.01269
1.01592
1.00969
1.00595
1.01329
1.02499
1.03065
1.03441
1.0348
1.03565
1.03835
1.04193
1.04446
1.04735
1.0483
1.0487
1.04753
1.04564
1.04365
1.04148
1.04047
1.03888
1.0361
1.03236
1.02953
1.02713
1.02411
1.02047
1.01772
1.01547
1.01277
1.00904
1.00499
1.00067
0.997055
0.993984
0.991232
0.989616
0.988161
0.988042
0.989166
0.990566
0.99211
0.993921
