0.000482502
0.000939795
0.00141152
0.0019132
0.00240141
0.00288581
0.00340042
0.00388784
0.00436743
0.00488028
0.00540771
0.00593967
0.00645352
0.00698519
0.00749369
0.00799558
0.00848038
0.0089884
0.00949219
0.00994464
0.0104322
0.0108928
0.0113565
0.0118298
0.0122987
0.0127973
0.0132964
0.0137985
0.0142697
0.0147614
0.0152724
0.0157915
0.0163016
0.0168148
0.0173279
0.0178019
0.0183172
0.0187906
0.0192659
0.0197488
0.0202018
0.0206771
0.0211578
0.0216329
0.0220985
0.0225732
0.0230383
0.0235127
0.0240271
0.0244955
0.024999
0.0255012
0.0260419
0.0265568
0.0270874
0.0275898
0.0281085
0.0286268
0.0291528
0.0296929
0.0301698
0.0306546
0.0311703
0.0316784
0.0321723
0.0326588
0.0331407
0.0336396
0.0341398
0.0346201
0.0351507
0.0356257
0.0361509
0.0366679
0.0371797
0.0376649
0.0381751
0.0386481
0.0391449
0.0396328
0.0401088
0.0405741
0.0410288
0.0414919
0.0419801
0.0424703
0.042949
0.0434295
0.0439164
0.0444188
0.0449238
0.0454463
0.0459746
0.0465122
0.0470301
0.0475699
0.0480766
0.0485776
0.0490941
0.0496009
0.0500647
0.0505675
0.0510585
0.0515588
0.0520513
0.0525269
0.0530008
0.0535142
0.0540099
0.0545143
0.0550081
0.0555043
0.0560026
0.0564934
0.0569672
0.0574614
0.0579823
0.0584772
0.0589581
0.0594471
0.0599096
0.0604104
0.0608859
0.0613418
0.0618047
0.0622679
0.0627146
0.0631802
0.0636561
0.0641115
0.0645435
0.064993
0.0654432
0.0659113
0.0664039
0.0669026
0.0674064
0.0679312
0.0684373
0.0689695
0.0694797
0.0700513
0.070579
0.0711246
0.0716265
0.072156
0.0726871
0.0732201
0.0737494
0.0742654
0.0747679
0.075268
0.0757758
0.0762704
0.0767536
0.0772423
0.0777111
0.0781984
0.0786602
0.0791346
0.079636
0.0801217
0.0806093
0.0811082
0.0815727
0.08205
0.0825416
0.0830262
0.0835311
0.0840192
0.0844738
0.0849714
0.085451
0.0859431
0.0864414
0.0869187
0.0873676
0.0878675
0.0883773
0.0888701
0.0893521
0.0898163
0.0902975
0.0907893
0.0912921
0.0917762
0.0922713
0.0927254
0.0932259
0.0937016
0.0942125
0.0946848
0.0951992
0.0957226
0.0962556
0.0967889
0.0973002
0.0978164
0.0983034
0.098816
0.0992969
0.099816
0.100321
0.10081
0.101296
0.101756
0.102241
0.102712
0.103203
0.103676
0.104147
0.104622
0.105107
0.105623
0.106109
0.106625
0.107108
0.107585
0.108069
0.108561
0.109071
0.109553
0.110075
0.11059
0.111118
0.111624
0.11212
0.112621
0.113103
0.113587
0.114081
0.114562
0.115109
0.115592
0.11608
0.116577
0.11707
0.117569
0.118082
0.118549
0.119006
0.119464
0.119965
0.120471
0.120985
0.1215
0.122006
0.122468
0.122917
0.123433
0.123922
0.124404
0.124876
0.125364
0.125839
0.126333
0.126824
0.127327
0.127805
0.128293
0.128794
0.129262
0.129783
0.130258
0.130722
0.131171
0.131662
0.132123
0.132599
0.133035
0.133543
0.134032
0.134504
0.135012
0.135505
0.136013
0.136526
0.13705
0.137529
0.138001
0.1385
0.138977
0.139452
0.139945
0.140415
0.140933
0.141414
0.141904
0.14238
0.142889
0.143401
0.143877
0.144364
0.144883
0.145392
0.145872
0.14639
0.146893
0.147397
0.147911
0.148427
0.148929
0.149385
0.14988
0.150399
0.150895
0.151343
0.151812
0.152277
0.152728
0.153175
0.153655
0.154113
0.154595
0.155073
0.155582
0.156081
0.156612
0.157162
0.157701
0.15823
0.158777
0.159368
0.15989
0.160433
0.160942
0.161466
0.162024
0.162555
0.163039
0.163562
0.164067
0.164561
0.165063
0.165603
0.166119
0.166593
0.167133
0.167651
0.168133
0.168604
0.169071
0.169535
0.17001
0.170494
0.170963
0.171394
0.17181
0.172256
0.172678
0.173201
0.17368
0.174174
0.174674
0.175113
0.175581
0.176102
0.176576
0.177087
0.177579
0.178095
0.178577
0.179068
0.179542
0.180023
0.180467
0.18092
0.181451
0.181934
0.182411
0.182914
0.18343
0.183937
0.184409
0.184929
0.185427
0.185936
0.186455
0.186966
0.187471
0.187975
0.188508
0.189047
0.18958
0.190072
0.190548
0.191002
0.191509
0.19201
0.192477
0.192965
0.193436
0.193919
0.194368
0.194874
0.195353
0.195836
0.196312
0.196793
0.197277
0.197749
0.198248
0.198659
0.199115
0.199628
0.200102
0.200603
0.20112
0.201614
0.202062
0.202493
0.202935
0.203433
0.204002
0.204525
0.205011
0.205495
0.205981
0.206456
0.207009
0.207551
0.208049
0.208528
0.209053
0.209511
0.209997
0.210552
0.211054
0.211539
0.212026
0.212501
0.213053
0.213623
0.214089
0.214561
0.215062
0.2156
0.216117
0.216633
0.217153
0.217643
0.218105
0.218627
0.219187
0.219755
0.220313
0.22088
0.221319
0.221818
0.222264
0.22274
0.22324
0.223767
0.224213
0.224686
0.225159
0.225658
0.22618
0.226734
0.227233
0.227757
0.228269
0.228788
0.229299
0.229817
0.230342
0.230878
0.231351
0.231848
0.232351
0.232857
0.233313
0.233766
0.234247
0.234709
0.235215
0.235674
0.23617
0.23666
0.237116
0.237555
0.238008
0.238453
0.238886
0.239372
0.239858
0.240319
0.24075
0.241205
0.241654
0.242168
0.24269
0.243137
0.243613
0.244095
0.24456
0.245013
0.245566
0.246037
0.246532
0.246999
0.247468
0.247927
0.248436
0.248902
0.249349
0.249807
0.25024
0.250666
0.251191
0.251695
0.252169
0.252708
0.25317
0.253585
0.254073
0.254607
0.255117
0.255617
0.256124
0.2566
0.257122
0.257623
0.258099
0.258608
0.259116
0.259595
0.260063
0.260517
0.260984
0.261432
0.26187
0.262374
0.262807
0.263286
0.263731
0.264207
0.264714
0.265233
0.265705
0.266217
0.266756
0.267234
0.267736
0.2682
0.268676
0.269189
0.269617
0.27007
0.27059
0.27108
0.271562
0.272077
0.272568
0.27304
0.273572
0.274065
0.274595
0.275133
0.275662
0.276139
0.276623
0.277122
0.277589
0.278067
0.278544
0.279039
0.279501
0.27994
0.280386
0.280856
0.281335
0.281784
0.282286
0.282744
0.283207
0.283692
0.284116
0.284579
0.285057
0.285476
0.285936
0.286453
0.286902
0.287353
0.287823
0.288338
0.288828
0.289323
0.289832
0.290351
0.290864
0.291378
0.291938
0.292446
0.292977
0.293541
0.294086
0.294611
0.295163
0.295744
0.296328
0.296932
0.297451
0.297947
0.298471
0.298968
0.299462
0.299956
0.300437
0.300915
0.301396
0.301887
0.302325
0.302773
0.303189
0.303624
0.304043
0.304474
0.304895
0.305345
0.305801
0.306247
0.306676
0.307136
0.307558
0.307999
0.308453
0.308935
0.309429
0.309914
0.31047
0.311034
0.311583
0.312109
0.312641
0.313249
0.313881
0.314452
0.315009
0.315519
0.316062
0.316567
0.317123
0.317647
0.318142
0.318675
0.319168
0.319617
0.320084
0.320536
0.32099
0.321462
0.321917
0.32235
0.322851
0.323359
0.323854
0.324379
0.324879
0.325412
0.325857
0.32636
0.326863
0.327323
0.327832
0.328341
0.328805
0.329325
0.32988
0.330362
0.330889
0.331429
0.331912
0.33242
0.332968
0.333485
0.333948
0.33446
0.334931
0.335388
0.335897
0.336364
0.336837
0.337288
0.337769
0.338169
0.338614
0.339078
0.339544
0.340016
0.340472
0.34092
0.341411
0.341884
0.342358
0.34285
0.343336
0.34382
0.344311
0.344827
0.345326
0.345809
0.346344
0.346829
0.347336
0.347891
0.34837
0.348872
0.349351
0.349848
0.350278
0.350772
0.351301
0.351802
0.352248
0.352713
0.353194
0.353641
0.35414
0.354714
0.355234
0.35573
0.35621
0.356688
0.357235
0.357766
0.3583
0.35878
0.359315
0.359829
0.360342
0.360806
0.361295
0.361778
0.362274
0.362765
0.363298
0.363805
0.364312
0.364775
0.365222
0.36568
0.366174
0.366651
0.367098
0.367559
0.368005
0.368421
0.368941
0.369469
0.369986
0.370461
0.370893
0.371355
0.371846
0.372344
0.372876
0.373426
0.373956
0.374502
0.37496
0.37546
0.376019
0.376598
0.377169
0.377719
0.378215
0.378751
0.379257
0.379743
0.380296
0.380839
0.38132
0.38184
0.382357
0.382883
0.383371
0.383868
0.384363
0.384806
0.385262
0.385699
0.386162
0.386611
0.387066
0.387527
0.387953
0.388382
0.388782
0.389124
0.389584
0.389972
0.390425
0.390911
0.39137
0.391797
0.392273
0.392732
0.393216
0.393752
0.394255
0.394831
0.395335
0.39585
0.396375
0.396884
0.397373
0.397867
0.398304
0.398739
0.399223
0.399701
0.4002
0.400767
0.401279
0.401751
0.402287
0.402775
0.403325
0.403907
0.404432
0.404921
0.405438
0.405959
0.406482
0.407003
0.40753
0.408028
0.408514
0.40903
0.409565
0.410106
0.410682
0.411279
0.411725
0.412203
0.412731
0.413217
0.413729
0.414211
0.414677
0.41513
0.415552
0.416044
0.416525
0.416977
0.417449
0.417937
0.418438
0.418907
0.419424
0.419888
0.420338
0.420842
0.421363
0.421871
0.422393
0.422953
0.423469
0.423961
0.424454
0.425049
0.425533
0.426035
0.426563
0.427038
0.427536
0.428062
0.428571
0.429054
0.429575
0.430046
0.430512
0.431002
0.431543
0.432067
0.432542
0.433078
0.4336
0.434115
0.434577
0.435041
0.43553
0.435997
0.436428
0.436881
0.437291
0.437708
0.43812
0.438541
0.438992
0.439469
0.439935
0.440377
0.440819
0.441217
0.441697
0.442174
0.44259
0.443039
0.443557
0.444027
0.444526
0.445062
0.445563
0.446083
0.446571
0.447035
0.447521
0.448054
0.448551
0.449069
0.449549
0.450069
0.4506
0.451067
0.451624
0.452145
0.452681
0.453178
0.453696
0.454213
0.454738
0.455219
0.455725
0.456201
0.456639
0.457121
0.457514
0.457924
0.45836
0.458815
0.459224
0.459682
0.460112
0.460571
0.461094
0.461603
0.462134
0.462665
0.463161
0.463586
0.464011
0.464515
0.465029
0.465468
0.465933
0.466386
0.46678
0.467167
0.467523
0.467895
0.468286
0.468741
0.469163
0.469567
0.470012
0.470501
0.470929
0.471405
0.471889
0.47228
0.472721
0.473104
0.47356
0.474073
0.474577
0.47505
0.475618
0.47615
0.476658
0.477251
0.477819
0.478445
0.479133
0.47991
0.480634
0.481367
0.482027
0.48266
0.483311
0.484127
0.48487
0.485567
0.48629
0.48701
0.487715
0.488261
0.488749
0.48928
0.489755
0.490187
0.490555
0.490947
0.491366
0.49185
0.492309
0.49279
0.493303
0.493752
0.494254
0.494788
0.495279
0.495781
0.496209
0.496753
0.497203
0.4977
0.498225
0.498819
0.499271
0.499808
0.500298
0.500841
0.501447
0.501934
0.502434
0.502902
0.503423
0.503982
0.504578
0.505132
0.505621
0.506092
0.506575
0.507124
0.507636
0.508173
0.508672
0.509157
0.509627
0.510093
0.510558
0.511042
0.511495
0.511961
0.512426
0.51287
0.513307
0.513785
0.514223
0.514672
0.515174
0.515646
0.516124
0.516575
0.517043
0.517454
0.517877
0.518295
0.518696
0.519115
0.519536
0.520039
0.520465
0.520871
0.521328
0.52178
0.522247
0.522769
0.523294
0.523836
0.524355
0.524903
0.525459
0.525973
0.526573
0.527182
0.527764
0.528379
0.529001
0.529638
0.530277
0.530923
0.531474
0.532061
0.532662
0.533228
0.533719
0.5342
0.534676
0.535165
0.535656
0.536095
0.536539
0.536967
0.537436
0.537879
0.538361
0.538799
0.539289
0.539733
0.540156
0.540544
0.54095
0.541372
0.541827
0.542201
0.542587
0.54297
0.54341
0.543889
0.544375
0.544852
0.545308
0.545811
0.546322
0.546856
0.547464
0.548054
0.548697
0.54934
0.549978
0.55053
0.551178
0.55178
0.552391
0.553
0.553575
0.554107
0.554682
0.555255
0.555858
0.556473
0.557065
0.55758
0.558097
0.558599
0.559104
0.559586
0.560057
0.560522
0.561
0.561453
0.56187
0.562285
0.562696
0.56311
0.563548
0.563941
0.564365
0.564774
0.565238
0.565685
0.566193
0.566639
0.567097
0.567556
0.56803
0.568461
0.56891
0.569374
0.569807
0.570274
0.570722
0.571148
0.571603
0.572076
0.572579
0.573067
0.573589
0.574121
0.574618
0.575121
0.575663
0.576163
0.576702
0.577277
0.577845
0.578417
0.578945
0.579468
0.580021
0.580536
0.581065
0.581556
0.582055
0.582569
0.583059
0.583567
0.584049
0.584544
0.585002
0.58552
0.586007
0.586478
0.586943
0.587415
0.587915
0.588426
0.588948
0.589481
0.590045
0.590599
0.591187
0.591668
0.592177
0.592694
0.593174
0.593642
0.594091
0.594558
0.594989
0.595406
0.595796
0.596212
0.596641
0.597056
0.597492
0.597921
0.598304
0.598688
0.599094
0.59955
0.60006
0.600535
0.601028
0.601501
0.60201
0.602511
0.603029
0.603558
0.604138
0.604684
0.60525
0.605827
0.606334
0.606816
0.607278
0.607857
0.608464
0.609065
0.609663
0.610263
0.610842
0.611382
0.611945
0.612522
0.613061
0.613593
0.614012
0.61451
0.614976
0.615422
0.615824
0.616259
0.616671
0.617095
0.617563
0.617988
0.618452
0.618868
0.619298
0.619697
0.620124
0.620576
0.621021
0.621454
0.621922
0.622394
0.622861
0.623339
0.623799
0.624294
0.624841
0.625353
0.62592
0.626492
0.627105
0.627631
0.628168
0.628758
0.629363
0.630004
0.630588
0.631138
0.631651
0.632165
0.632679
0.633156
0.633677
0.634194
0.634697
0.635182
0.635643
0.636118
0.636588
0.637105
0.637556
0.638018
0.638468
0.638934
0.639387
0.63986
0.640304
0.640758
0.641203
0.641684
0.642203
0.642691
0.643203
0.643692
0.644188
0.644719
0.645274
0.645858
0.646385
0.646939
0.647549
0.648168
0.648751
0.649363
0.649866
0.650379
0.65086
0.651318
0.651783
0.652237
0.652672
0.653118
0.653524
0.653961
0.654426
0.654916
0.65543
0.655909
0.656386
0.656911
0.657422
0.657915
0.658421
0.658936
0.659472
0.659969
0.660427
0.660943
0.661464
0.661996
0.662541
0.663085
0.663645
0.664216
0.664782
0.665298
0.665814
0.666337
0.666871
0.667391
0.667902
0.668426
0.668936
0.669447
0.669957
0.670489
0.670987
0.671467
0.671947
0.672402
0.672835
0.67329
0.673746
0.674219
0.674736
0.675211
0.675681
0.676177
0.676642
0.677103
0.677616
0.678127
0.678573
0.67908
0.679527
0.679959
0.680461
0.68098
0.681437
0.681938
0.682457
0.682939
0.683391
0.683884
0.684398
0.684917
0.685492
0.68604
0.686581
0.687154
0.687783
0.688354
0.688904
0.689463
0.690063
0.690599
0.691179
0.691711
0.692179
0.692689
0.693218
0.693733
0.694226
0.694721
0.69523
0.695704
0.696213
0.696772
0.697266
0.69775
0.698242
0.698721
0.699179
0.699628
0.700065
0.700498
0.700934
0.701386
0.701821
0.702252
0.702689
0.703127
0.70356
0.704007
0.70447
0.70492
0.705361
0.705822
0.70629
0.706769
0.707282
0.707816
0.70836
0.708928
0.709504
0.710079
0.710652
0.711235
0.711833
0.712471
0.713096
0.713667
0.714228
0.714781
0.71533
0.715851
0.716371
0.716863
0.717375
0.717905
0.718442
0.718978
0.719547
0.720123
0.720706
0.721305
0.721873
0.722432
0.722995
0.72358
0.724133
0.724639
0.725159
0.725726
0.726292
0.726834
0.727341
0.727838
0.728316
0.728803
0.729277
0.729769
0.730243
0.730719
0.731203
0.731674
0.732125
0.732576
0.733017
0.733484
0.733971
0.734451
0.734921
0.735378
0.735892
0.736412
0.736953
0.737481
0.737998
0.738519
0.739083
0.739616
0.74014
0.740659
0.741171
0.741705
0.742228
0.742719
0.743199
0.743698
0.74419
0.744672
0.745155
0.745638
0.746098
0.746567
0.747043
0.747509
0.747966
0.748452
0.748936
0.749419
0.749876
0.750363
0.750841
0.751325
0.751809
0.75229
0.752778
0.75328
0.753767
0.754254
0.754754
0.755238
0.755719
0.756231
0.756715
0.757186
0.757689
0.758204
0.758703
0.759198
0.759692
0.760199
0.76071
0.761207
0.761705
0.762211
0.762707
0.763187
0.763672
0.764164
0.76463
0.765124
0.765606
0.766082
0.766572
0.76706
0.767535
0.768022
0.768502
0.768978
0.769457
0.769926
0.770398
0.770858
0.771327
0.771802
0.772266
0.772724
0.773183
0.773637
0.77411
0.774589
0.775077
0.775575
0.77607
0.776553
0.777026
0.777511
0.778011
0.778533
0.779044
0.77955
0.780053
0.780546
0.781055
0.781581
0.782093
0.78261
0.783118
0.783646
0.784164
0.784678
0.785175
0.785686
0.786191
0.786694
0.787204
0.787711
0.788222
0.788715
0.789212
0.789697
0.790194
0.790691
0.79117
0.79167
0.792161
0.792629
0.793115
0.7936
0.794063
0.794532
0.795024
0.795492
0.795973
0.796479
0.79697
0.797441
0.797926
0.798427
0.798913
0.79939
0.799878
0.800345
0.800802
0.801304
0.801815
0.802265
0.802755
0.803245
0.80372
0.804226
0.804724
0.805211
0.805713
0.806234
0.806747
0.807263
0.807747
0.808242
0.808756
0.809254
0.809748
0.810252
0.810734
0.811242
0.811728
0.812222
0.812726
0.813219
0.813713
0.814229
0.814708
0.815196
0.815677
0.81617
0.816661
0.817147
0.817665
0.818143
0.818614
0.819104
0.819587
0.82009
0.820593
0.821075
0.821563
0.822049
0.822555
0.823039
0.823532
0.824013
0.824478
0.824992
0.82546
0.825971
0.826431
0.826944
0.827424
0.827879
0.828402
0.82887
0.829385
0.829874
0.830364
0.830879
0.831376
0.831889
0.832382
0.832891
0.833368
0.833859
0.834357
0.834835
0.835351
0.835857
0.836355
0.83683
0.837324
0.837796
0.838279
0.838798
0.839289
0.839797
0.840262
0.840749
0.841244
0.84173
0.842243
0.842756
0.843263
0.843765
0.844267
0.844783
0.84528
0.845805
0.846327
0.846837
0.847336
0.847804
0.848311
0.848829
0.849329
0.849808
0.850288
0.850792
0.851271
0.851764
0.852238
0.852729
0.853227
0.853703
0.85419
0.854682
0.855176
0.855677
0.856167
0.856665
0.857166
0.857662
0.858168
0.858687
0.859188
0.859695
0.860219
0.860718
0.861221
0.861737
0.862224
0.862721
0.863222
0.863704
0.864219
0.864728
0.865211
0.86573
0.866238
0.866722
0.867215
0.867715
0.868217
0.868733
0.869229
0.86972
0.87022
0.870743
0.871228
0.871739
0.872246
0.872728
0.873227
0.873714
0.874179
0.874665
0.875159
0.875613
0.876077
0.876548
0.877016
0.877484
0.877945
0.878387
0.878875
0.879359
0.879821
0.880321
0.880805
0.881267
0.881754
0.882245
0.882747
0.883261
0.88377
0.884265
0.884759
0.885264
0.88576
0.886254
0.886775
0.88728
0.887763
0.888258
0.888754
0.889225
0.889724
0.890225
0.890691
0.891199
0.891703
0.892186
0.892671
0.89317
0.893673
0.894142
0.894627
0.895114
0.8956
0.896091
0.896585
0.897065
0.897538
0.898047
0.898549
0.899035
0.89952
0.900017
0.900498
0.901
0.901508
0.901998
0.902484
0.903
0.903488
0.903973
0.904452
0.904949
0.905437
0.905937
0.90643
0.906901
0.907379
0.907865
0.908332
0.908796
0.909271
0.909765
0.910236
0.910717
0.911207
0.911684
0.912168
0.912672
0.913165
0.913652
0.914134
0.914627
0.915118
0.915635
0.916126
0.916598
0.917073
0.917564
0.918055
0.918541
0.919029
0.919513
0.920024
0.92053
0.921043
0.921539
0.922055
0.922579
0.923085
0.923586
0.924105
0.924599
0.925109
0.925598
0.926124
0.926588
0.927069
0.927534
0.928012
0.928491
0.928964
0.929438
0.929918
0.930384
0.930862
0.931329
0.931812
0.932289
0.932781
0.933265
0.933757
0.934244
0.934722
0.935227
0.935716
0.936224
0.936717
0.937233
0.937738
0.938212
0.938711
0.939205
0.939706
0.940189
0.940676
0.941132
0.941612
0.942111
0.94259
0.943072
0.943569
0.944071
0.944558
0.945053
0.94555
0.94605
0.946539
0.947045
0.94758
0.948082
0.948571
0.949048
0.949554
0.95003
0.950521
0.95101
0.951491
0.951982
0.952456
0.952957
0.95344
0.953927
0.954426
0.954914
0.955405
0.955906
0.956417
0.956917
0.957416
0.957892
0.958406
0.958872
0.959369
0.959851
0.960357
0.960852
0.961323
0.961818
0.962306
0.962811
0.963285
0.963787
0.964289
0.964792
0.965282
0.9658
0.966276
0.966762
0.967263
0.967738
0.968223
0.968715
0.969189
0.969645
0.970126
0.970591
0.971071
0.97155
0.972036
0.972479
0.972955
0.973411
0.973896
0.974368
0.974842
0.975318
0.975826
0.976322
0.976819
0.977311
0.97783
0.978312
0.97883
0.979318
0.97984
0.980337
0.980849
0.981325
0.981807
0.982287
0.982773
0.98328
0.983782
0.98428
0.984762
0.985234
0.985739
0.986211
0.986709
0.987172
0.987655
0.988126
0.988622
0.989102
0.9896
0.990084
0.99058
0.991083
0.991596
0.992133
0.992644
0.993156
0.993667
0.994173
0.99467
0.995183
0.995658
0.996148
0.996624
0.997097
0.997605
0.998094
0.998571
0.999055
0.999538
1.00001
1.00048
1.00097
1.00148
1.00198
1.00246
1.00297
1.00346
1.00396
1.00445
1.00495
1.00548
1.00598
1.00646
1.00695
1.00747
1.00796
1.00844
1.00895
1.00943
1.00993
1.01041
1.01089
1.01137
1.01185
1.01233
1.0128
1.0128
1.0128
1.01281
1.01283
1.01282
1.01282
1.01277
1.01278
1.01281
1.01279
1.01274
1.0127
1.01268
1.01266
1.01266
1.01265
1.01266
1.01263
1.01265
1.01268
1.01268
1.01272
1.01276
1.01278
1.0128
1.01279
1.0128
1.01276
1.01278
1.01277
1.01272
1.01267
1.01262
1.01257
1.01256
1.01256
1.01251
1.01252
1.01251
1.0125
1.01256
1.01256
1.01256
1.01256
1.01257
1.01258
1.01257
1.0126
1.01257
1.01259
1.0126
1.0126
1.01254
1.01252
1.01249
1.01247
1.01245
1.01241
1.01238
1.01234
1.01239
1.0124
1.0124
1.01239
1.01234
1.01236
1.01237
1.01237
1.01236
1.01237
1.01234
1.01235
1.01234
1.01233
1.01232
1.01234
1.01233
1.01235
1.01234
1.01234
1.01235
1.01238
1.01239
1.01241
1.0124
1.0124
1.01242
1.01242
1.01242
1.01242
1.01239
1.01236
1.01233
1.01232
1.0123
1.01228
1.01228
1.01231
1.01234
1.01235
1.01238
1.01237
1.01239
1.0124
1.01239
1.0124
1.01238
1.01232
1.01229
1.01228
1.01227
1.01227
1.01227
1.01227
1.0123
1.0123
1.01228
1.0123
1.01233
1.01233
1.01237
1.01234
1.01233
1.01236
1.01238
1.0124
1.01249
1.01254
1.01258
1.01262
1.01269
1.01271
1.01277
1.01281
1.01282
1.01282
1.01282
1.01279
1.01278
1.01277
1.01278
1.0127
1.01268
1.01263
1.01263
1.01254
1.01248
1.01242
1.01235
1.01232
1.01229
1.01224
1.01222
1.01221
1.0122
1.0122
1.01221
1.01221
1.01221
1.01221
1.01218
1.01216
1.01216
1.01212
1.01212
1.01212
1.01214
1.01218
1.0122
1.0122
1.01219
1.01213
1.0121
1.01209
1.01215
1.01218
1.01221
1.01221
1.01219
1.01216
1.01212
1.01213
1.01217
1.01221
1.0122
1.01219
1.0122
1.01227
1.0123
1.01235
1.01238
1.01245
1.01246
1.01243
1.01241
1.01239
1.0124
1.0124
1.01245
1.01243
1.01244
1.01242
1.01245
1.01251
1.01253
1.01252
1.01244
1.0124
1.01236
1.01235
1.01236
1.01238
1.01237
1.01232
1.01233
1.0123
1.01229
1.01233
1.0124
1.01246
1.01249
1.01251
1.01246
1.01244
1.01242
1.01244
1.0125
1.01258
1.01264
1.01273
1.01279
1.01284
1.01279
1.01279
1.01281
1.01285
1.01294
1.01299
1.01301
1.01304
1.01306
1.01307
1.01304
1.01303
1.01302
1.01301
1.01299
1.01298
1.01295
1.01285
1.0128
1.01276
1.01273
1.01265
1.01257
1.01247
1.01239
1.01229
1.01224
1.01215
1.01207
1.01201
1.01188
1.01181
1.01183
1.01181
1.01178
1.0118
1.01181
1.01192
1.01193
1.01198
1.01205
1.01206
1.01212
1.01218
1.01222
1.01227
1.01228
1.01229
1.01231
1.0124
1.01245
1.01247
1.01254
1.0126
1.0127
1.01274
1.01279
1.01277
1.01274
1.01269
1.01259
1.01247
1.0124
1.01239
1.01231
1.01227
1.01222
1.0122
1.01219
1.0122
1.0122
1.01217
1.0122
1.01222
1.0123
1.01239
1.01248
1.01248
1.0125
1.01255
1.01263
1.0127
1.01276
1.01271
1.01264
1.01261
1.01257
1.01258
1.01258
1.01257
1.01245
1.01242
1.01237
1.01236
1.01238
1.01233
1.01231
1.0123
1.01228
1.01223
1.01217
1.01212
1.01203
1.01199
1.012
1.01192
1.01186
1.01181
1.01182
1.01186
1.01188
1.01188
1.01186
1.01188
1.01187
1.01192
1.01198
1.01204
1.01197
1.01193
1.0119
1.01189
1.01194
1.01197
1.01192
1.01194
1.0119
1.0119
1.0119
1.01191
1.01191
1.01193
1.01196
1.01202
1.01204
1.01203
1.01207
1.01212
1.01215
1.01213
1.01216
1.01221
1.01219
1.0122
1.01218
1.01218
1.01218
1.0122
1.01225
1.01225
1.01226
1.01225
1.01224
1.01222
1.01222
1.01218
1.01223
1.01231
1.01235
1.01236
1.01237
1.01231
1.01225
1.01223
1.01234
1.01242
1.0125
1.01253
1.01245
1.01244
1.01259
1.01264
1.01267
1.0128
1.01298
1.01291
1.01285
1.01283
1.01286
1.0129
1.0129
1.01281
1.01277
1.01266
1.01265
1.01262
1.01252
1.01237
1.01236
1.0125
1.01253
1.01246
1.01232
1.01248
1.01256
1.01245
1.01261
1.01269
1.01273
1.01267
1.01254
1.0126
1.01265
1.01268
1.01261
1.01262
1.01259
1.01257
1.01257
1.01261
1.01261
1.01257
1.01251
1.01244
1.01234
1.01235
1.01231
1.01235
1.01234
1.0123
1.01225
1.01229
1.01232
1.01234
1.01233
1.01229
1.01225
1.01227
1.01226
1.01227
1.01223
1.01219
1.01217
1.01216
1.01211
1.01214
1.01212
1.01209
1.01202
1.01203
1.01206
1.01209
1.01214
1.01214
1.01219
1.0122
1.01223
1.0123
1.01241
1.01249
1.01252
1.01255
1.01254
1.01256
1.01262
1.0127
1.01276
1.01284
1.01286
1.01288
1.01297
1.01306
1.01319
1.0133
1.01338
1.01333
1.01337
1.01343
1.01348
1.0135
1.0135
1.01345
1.01345
1.01346
1.01343
1.01342
1.01344
1.01334
1.01326
1.01322
1.01312
1.01311
1.01311
1.01305
1.01298
1.01294
1.01292
1.01294
1.01298
1.01299
1.01296
1.01292
1.01283
1.01274
1.0127
1.01268
1.01269
1.01265
1.01264
1.01267
1.01266
1.01273
1.01278
1.01286
1.01289
1.01286
1.01283
1.01284
1.01287
1.01286
1.0129
1.0129
1.01293
1.01294
1.01293
1.01297
1.01304
1.01305
1.01305
1.01306
1.01301
1.01296
1.01293
1.01288
1.01287
1.01284
1.01278
1.01271
1.01266
1.01265
1.01262
1.01268
1.01276
1.0128
1.01284
1.01288
1.01297
1.01306
1.01314
1.01324
1.01335
1.01342
1.01352
1.01358
1.01364
1.01377
1.01384
1.01386
1.01395
1.01399
1.014
1.01405
1.0141
1.01415
1.01415
1.0142
1.01421
1.01422
1.01422
1.01422
1.01419
1.01415
1.01416
1.01412
1.01407
1.01397
1.0139
1.01381
1.0137
1.01357
1.01344
1.01339
1.01337
1.01334
1.01331
1.01326
1.01324
1.01326
1.01329
1.01329
1.01331
1.01339
1.01346
1.01358
1.01365
1.01375
1.01382
1.01388
1.01391
1.01391
1.01393
1.01393
1.0139
1.01392
1.01395
1.01394
1.01386
1.01379
1.01372
1.01356
1.01343
1.01336
1.01335
1.01333
1.01329
1.01324
1.01326
1.01312
1.01309
1.01305
1.01306
1.01303
1.01303
1.01304
1.01296
1.01297
1.01303
1.0131
1.01322
1.01331
1.01334
1.0134
1.01341
1.01339
1.01337
1.01338
1.01338
1.01334
1.01324
1.01319
1.0131
1.01301
1.013
1.01296
1.01292
1.01295
1.01295
1.01288
1.01287
1.01284
1.01281
1.01283
1.01282
1.0128
1.01281
1.01289
1.01292
1.01302
1.01313
1.01315
1.01322
1.01332
1.01339
1.0134
1.01348
1.01352
1.01355
1.01361
1.01363
1.01364
1.01365
1.0136
1.01356
1.01353
1.01348
1.01346
1.01344
1.01343
1.01337
1.01335
1.01331
1.01324
1.01323
1.01317
1.01309
1.01311
1.01311
1.01313
1.01315
1.01322
1.01323
1.01319
1.01318
1.01339
1.01383
1.0146
1.01565
1.01539
1.01509
1.0146
1.0144
1.01466
1.0153
1.01538
1.01503
1.0145
1.01433
1.01401
1.01447
1.01497
1.01494
1.01474
1.01444
1.01425
1.01412
1.01439
1.01457
1.01452
1.01482
1.01503
1.01488
1.01468
1.01461
1.01557
1.01574
1.01608
1.01629
1.01631
1.01624
1.01618
1.01638
1.01664
1.01667
1.01668
1.01671
1.01669
1.01656
1.01648
1.01634
1.01632
1.01631
1.01628
1.01618
1.01603
1.01592
1.0159
1.01585
1.01585
1.01586
1.01582
1.01582
1.01587
1.01583
1.0158
1.01572
1.01568
1.01563
1.01557
1.01558
1.01555
1.01557
1.01559
1.01564
1.01564
1.01567
1.01573
1.01581
1.01592
1.01607
1.01608
1.01617
1.0162
1.01621
1.01624
1.0163
1.0163
1.0163
1.0163
1.01625
1.01625
1.01621
1.01625
1.01628
1.01627
1.01624
1.01622
1.01622
1.01628
1.01634
1.01632
1.01633
1.01631
1.0162
1.01615
1.01611
1.016
1.01592
1.01575
1.01555
1.01541
1.01533
1.0153
1.01523
1.01519
1.01515
1.01508
1.01506
1.01509
1.01511
1.01518
1.01521
1.01516
1.01509
1.0152
1.01525
1.01523
1.01523
1.01522
1.01525
1.01531
1.01534
1.01538
1.01538
1.01541
1.01545
1.01547
1.01543
1.0154
1.0154
1.01539
1.01542
1.01549
1.01551
1.01554
1.01556
1.01556
1.01554
1.01552
1.0155
1.01546
1.01537
1.01532
1.01523
1.0151
1.01504
1.015
1.01499
1.01499
1.01503
1.01505
1.01517
1.01531
1.01541
1.01548
1.01558
1.0157
1.01572
1.01574
1.01577
1.01585
1.01591
1.01593
1.01596
1.01602
1.01604
1.01611
1.01619
1.01628
1.01633
1.01634
1.01633
1.01634
1.01635
1.01638
1.01644
1.01645
1.01648
1.01655
1.01658
1.01656
1.01656
1.01655
1.01649
1.01646
1.01646
1.0165
1.01653
1.01655
1.01653
1.0165
1.01647
1.01648
1.01646
1.01644
1.01644
1.01632
1.01624
1.01618
1.01616
1.01615
1.01613
1.0161
1.01611
1.01609
1.01615
1.01625
1.01631
1.01646
1.01656
1.01665
1.01676
1.01688
1.01697
1.01708
1.01714
1.01711
1.01711
1.01708
1.01702
1.01699
1.01705
1.0171
1.01706
1.01703
1.01704
1.01703
1.017
1.01703
1.01706
1.01714
1.01722
1.01728
1.01728
1.01731
1.0174
1.01743
1.01744
1.01746
1.01743
1.01736
1.01748
1.01755
1.01767
1.01769
1.01765
1.01766
1.01771
1.0177
1.01769
1.01767
1.0176
1.01756
1.01743
1.01723
1.01698
1.01678
1.01654
1.01635
1.01622
1.01606
1.01575
1.01547
1.01518
1.01488
1.0146
1.0144
1.01431
1.01429
1.01421
1.01422
1.01431
1.01444
1.01459
1.01468
1.01467
1.01471
1.01472
1.01475
1.01484
1.01491
1.01489
1.01486
1.01479
1.01478
1.01468
1.01472
1.01473
1.01468
1.0146
1.0146
1.01454
1.01454
1.01452
1.01448
1.01456
1.01461
1.0147
1.01471
1.01464
1.01452
1.01447
1.01451
1.01456
1.01456
1.01446
1.0144
1.01434
1.01432
1.01431
1.0143
1.01428
1.01426
1.01425
1.01431
1.01435
1.01441
1.01448
1.01455
1.01456
1.01466
1.01478
1.01482
1.01486
1.01483
1.01484
1.01492
1.01504
1.01516
1.01524
1.01531
1.01533
1.01539
1.01538
1.01545
1.01552
1.01553
1.01552
1.01551
1.01549
1.01546
1.01538
1.01532
1.01526
1.01518
1.01513
1.01499
1.01482
1.01469
1.01458
1.01444
1.0143
1.01416
1.01405
1.01398
1.01388
1.01377
1.01375
1.0138
1.0138
1.01378
1.01374
1.01373
1.01378
1.0138
1.0138
1.01381
1.01381
1.01375
1.01379
1.01379
1.01385
1.0139
1.01401
1.01412
1.01419
1.01427
1.0144
1.0145
1.01459
1.01462
1.01462
1.01459
1.01459
1.01457
1.01451
1.01447
1.01441
1.01428
1.01418
1.01405
1.01388
1.01373
1.01368
1.01353
1.01344
1.01332
1.01322
1.01318
1.01317
1.01312
1.01303
1.01291
1.0128
1.01271
1.01271
1.0127
1.0127
1.01265
1.01263
1.01263
1.01266
1.01266
1.01266
1.01272
1.0128
1.01291
1.01299
1.01301
1.01303
1.01306
1.01314
1.0132
1.01326
1.01329
1.01336
1.01343
1.01353
1.01358
1.01364
1.01373
1.01383
1.01392
1.01395
1.01398
1.01403
1.01406
1.01407
1.01407
1.01416
1.01417
1.0141
1.01409
1.01409
1.01409
1.01409
1.01403
1.01394
1.01385
1.01378
1.01374
1.01372
1.0137
1.01368
1.01362
1.01362
1.01361
1.01357
1.01356
1.01353
1.01351
1.01351
1.01352
1.01351
1.01354
1.01361
1.01371
1.01381
1.01383
1.01377
1.0137
1.01361
1.01348
1.01333
1.01315
1.01305
1.01293
1.01282
1.01277
1.01272
1.01271
1.01266
1.01266
1.0127
1.01279
1.01287
1.01292
1.01295
1.01297
1.01302
1.01309
1.01318
1.01323
1.01328
1.01326
1.01329
1.0133
1.01334
1.01334
1.01332
1.01325
1.01317
1.01307
1.01303
1.01293
1.0128
1.01272
1.01269
1.0127
1.01262
1.01252
1.0124
1.0123
1.01221
1.01215
1.01217
1.01214
1.01207
1.01206
1.01207
1.01216
1.0122
1.01226
1.01235
1.0125
1.01255
1.01263
1.01268
1.01271
1.01276
1.0128
1.01289
1.01293
1.01303
1.0131
1.01318
1.01323
1.0133
1.01337
1.0134
1.01341
1.0134
1.01336
1.01332
1.01323
1.01318
1.01309
1.013
1.01284
1.01279
1.01274
1.01259
1.01245
1.01225
1.01215
1.01207
1.01203
1.01197
1.01193
1.01192
1.01188
1.01185
1.01189
1.0119
1.01193
1.01196
1.01195
1.01192
1.01194
1.01197
1.01197
1.01206
1.01211
1.01216
1.01221
1.01228
1.01238
1.01242
1.0125
1.01255
1.01263
1.01265
1.01267
1.01266
1.01261
1.01254
1.0125
1.01246
1.01239
1.01226
1.01209
1.01186
1.01186
1.01189
1.01191
1.01191
1.01192
1.01198
1.01212
1.01227
1.01247
1.01264
1.01278
1.01277
1.0128
1.01291
1.01305
1.01312
1.01312
1.01311
1.01305
1.01297
1.01292
1.01292
1.01296
1.01292
1.01287
1.01283
1.01279
1.01275
1.01268
1.0126
1.01253
1.0125
1.01247
1.01241
1.01231
1.01221
1.01216
1.01215
1.01211
1.0121
1.01209
1.01209
1.01204
1.01201
1.01203
1.01211
1.01221
1.01223
1.01228
1.01229
1.01229
1.01234
1.0124
1.01244
1.01247
1.0125
1.01243
1.01243
1.01249
1.01247
1.01249
1.01256
1.01253
1.01254
1.01261
1.01264
1.01263
1.01268
1.01272
1.01275
1.01275
1.01273
1.01266
1.01262
1.01257
1.01248
1.01237
1.01231
1.0123
1.01225
1.01219
1.01218
1.01215
1.01216
1.01227
1.01231
1.01229
1.01225
1.01227
1.01227
1.01228
1.0123
1.0123
1.01224
1.01224
1.01224
1.01226
1.01233
1.01241
1.01248
1.01254
1.0126
1.0127
1.0128
1.01295
1.01308
1.0132
1.01329
1.0134
1.01346
1.01353
1.01358
1.01364
1.01367
1.01367
1.01363
1.01358
1.01356
1.01355
1.01349
1.01341
1.01335
1.01328
1.01324
1.01318
1.01308
1.013
1.01297
1.01292
1.01287
1.01282
1.01281
1.01282
1.01288
1.01288
1.01284
1.01279
1.01274
1.01267
1.01259
1.0125
1.01237
1.0123
1.01223
1.01214
1.01204
1.01199
1.01199
1.01197
1.01192
1.01183
1.01176
1.01174
1.01173
1.01176
1.01182
1.01176
1.01154
1.01135
1.01122
1.01121
1.0113
1.0114
1.01145
1.01211
1.01233
1.01228
1.01211
1.01208
1.01257
1.0129
1.01295
1.01293
1.01289
1.01298
1.01312
1.01327
1.01341
1.01353
1.01357
1.01361
1.01362
1.01373
1.01383
1.01383
1.01389
1.01432
1.01431
1.0143
1.01426
1.01432
1.01423
1.01398
1.01408
1.01449
1.01495
1.01541
1.01595
1.01616
1.01637
1.01688
1.01756
1.01831
1.01882
1.01906
1.01912
1.01926
1.01937
1.01939
1.01944
1.01948
1.01945
1.01937
1.01925
1.01903
1.01879
1.0186
1.01843
1.01833
1.0181
1.01789
1.01762
1.01731
1.01707
1.01691
1.01685
1.01668
1.01649
1.01631
1.01607
1.01591
1.01584
1.01574
1.01563
1.01557
1.01554
1.01548
1.0154
1.01531
1.01525
1.01523
1.01518
1.01502
1.01485
1.01472
1.01464
1.01459
1.01447
1.01428
1.01412
1.014
1.01386
1.01373
1.01361
1.01352
1.01343
1.01335
1.01328
1.01321
1.01315
1.01311
1.01301
1.01284
1.01264
1.01246
1.01226
1.01212
1.01194
1.01176
1.01166
1.01162
1.01179
1.0121
1.01245
1.01269
1.01286
1.01324
1.01377
1.01452
1.01524
1.01585
1.01616
1.01672
1.01737
1.01788
1.01835
1.01866
1.01887
1.01914
1.01928
1.01935
1.01937
1.01931
1.01929
1.01932
1.01922
1.01916
1.01894
1.0187
1.01862
1.01847
1.01837
1.01822
1.01802
1.01776
1.01784
1.01787
1.01788
1.01793
1.01791
1.01778
1.01762
1.01761
1.01762
1.01764
1.01764
1.01765
1.01753
1.01749
1.01748
1.01764
1.0178
1.01813
1.0184
1.01877
1.01892
1.01902
1.01932
1.01985
1.02011
1.02026
1.02037
1.0204
1.0204
1.02037
1.02039
1.02036
1.02037
1.02033
1.02021
1.02008
1.01992
1.01981
1.01976
1.0197
1.01975
1.01981
1.01989
1.01981
1.01987
1.01994
1.01997
1.01998
1.01987
1.01976
1.01957
1.01941
1.01931
1.01918
1.01918
1.01909
1.01903
1.01901
1.019
1.01903
1.01899
1.01905
1.01903
1.0191
1.01909
1.01907
1.01908
1.01908
1.0191
1.01916
1.01917
1.01913
1.01907
1.01901
1.0189
1.01886
1.01887
1.01893
1.01897
1.01897
1.01898
1.01897
1.01904
1.01907
1.01902
1.019
1.01894
1.01895
1.01891
1.01887
1.01886
1.01887
1.0189
1.01889
1.01888
1.01891
1.01893
1.01898
1.01899
1.01905
1.01915
1.01918
1.01917
1.01913
1.0192
1.01924
1.01923
1.0192
1.01922
1.01923
1.01927
1.01926
1.01924
1.01921
1.01916
1.01918
1.01914
1.01911
1.0191
1.01911
1.0191
1.01909
1.01908
1.01903
1.019
1.01893
1.01885
1.01884
1.01881
1.01875
1.01873
1.01867
1.01864
1.01866
1.01867
1.01869
1.01868
1.01865
1.01861
1.01858
1.01858
1.01855
1.01854
1.01856
1.01851
1.01853
1.0185
1.01845
1.01848
1.01851
1.01852
1.01853
1.01858
1.01864
1.01869
1.01872
1.01883
1.01884
1.01879
1.01882
1.01888
1.01896
1.01897
1.01894
1.01891
1.0189
1.01889
1.01889
1.01887
1.01886
1.01884
1.01878
1.01876
1.01875
1.01874
1.01879
1.01886
1.01892
1.01895
1.01896
1.01894
1.01897
1.01903
1.01908
1.0191
1.01913
1.01913
1.0191
1.01907
1.01906
1.01903
1.01902
1.019
1.01901
1.019
1.01897
1.01899
1.01901
1.01902
1.01903
1.01901
1.01895
1.01894
1.01893
1.0189
1.0189
1.01889
1.01888
1.0189
1.01893
1.01894
1.01894
1.01893
1.01892
1.01889
1.01888
1.01887
1.01886
1.01883
1.01885
1.01883
1.01882
1.01885
1.01887
1.0189
1.01896
1.01905
1.01909
1.01911
1.01914
1.01912
1.01912
1.01913
1.01914
1.01913
1.01909
1.019
1.01894
1.01895
1.019
1.01907
1.01911
1.01913
1.01911
1.01913
1.01923
1.01935
1.0195
1.01963
1.01972
1.0197
1.01964
1.01969
1.01974
1.01979
1.01977
1.01971
1.01967
1.01962
1.01955
1.01953
1.0195
1.01949
1.01947
1.01947
1.01941
1.01939
1.01938
1.01938
1.01931
1.01922
1.01912
1.01903
1.01903
1.01896
1.0189
1.0189
1.01887
1.01881
1.01878
1.01876
1.0188
1.01884
1.01883
1.01878
1.01877
1.01878
1.0188
1.0188
1.01883
1.01886
1.01883
1.01879
1.01879
1.01879
1.01876
1.01874
1.01875
1.01881
1.01882
1.01886
1.0189
1.01898
1.01903
1.01904
1.01907
1.01907
1.01911
1.01915
1.01913
1.01913
1.01917
1.01917
1.01913
1.01907
1.01906
1.01912
1.01916
1.0192
1.01917
1.01917
1.01921
1.01926
1.0193
1.01928
1.01924
1.01924
1.01932
1.01932
1.01929
1.01927
1.01925
1.01921
1.01922
1.0192
1.0192
1.01923
1.01922
1.0192
1.0192
1.01926
1.01929
1.01931
1.01932
1.01939
1.01943
1.0195
1.01944
1.0194
1.01937
1.01942
1.01947
1.01948
1.01941
1.01934
1.01933
1.01934
1.01934
1.01939
1.0194
1.01942
1.0194
1.01938
1.01937
1.01945
1.01947
1.01946
1.01946
1.01945
1.01943
1.0194
1.01939
1.01936
1.01934
1.0194
1.01944
1.01944
1.01941
1.01941
1.01944
1.01949
1.01952
1.01954
1.01953
1.01953
1.01947
1.0194
1.01935
1.01933
1.01928
1.01923
1.01917
1.01907
1.01904
1.01902
1.01902
1.01899
1.01894
1.01891
1.01888
1.01886
1.01889
1.01893
1.01896
1.01898
1.01896
1.01897
1.01904
1.01902
1.01903
1.01905
1.01906
1.01906
1.01904
1.01907
1.01907
1.01908
1.01904
1.01904
1.01903
1.01902
1.01904
1.01906
1.01909
1.01907
1.01906
1.0191
1.01918
1.01918
1.01916
1.01918
1.0192
1.01919
1.01923
1.01926
1.01934
1.01938
1.01936
1.01938
1.01941
1.01942
1.01944
1.01943
1.01945
1.01947
1.01948
1.01949
1.01948
1.01947
1.01938
1.01925
1.01914
1.01907
1.019
1.01891
1.01877
1.0187
1.01865
1.01864
1.01865
1.01864
1.01866
1.01867
1.01865
1.01867
1.01869
1.01875
1.01873
1.01867
1.01861
1.0187
1.01878
1.01887
1.01892
1.01889
1.01895
1.01901
1.01906
1.01911
1.0191
1.01912
1.0192
1.01928
1.01929
1.01929
1.01924
1.01925
1.01938
1.01943
1.01943
1.01942
1.01936
1.01937
1.01949
1.0196
1.01967
1.0197
1.01967
1.01965
1.01967
1.01971
1.0197
1.0196
1.01952
1.01946
1.01944
1.01938
1.01928
1.01921
1.01924
1.01924
1.01929
1.01926
1.01927
1.01928
1.01933
1.01941
1.01951
1.01955
1.01951
1.01951
1.01962
1.0197
1.0198
1.01976
1.01975
1.01975
1.01976
1.0198
1.01988
1.0199
1.01989
1.01992
1.01993
1.01994
1.01992
1.01993
1.01995
1.01999
1.02005
1.02003
1.02
1.01997
1.01996
1.01999
1.02001
1.02003
1.02002
1.02007
1.02008
1.02016
1.02024
1.02024
1.02029
1.02035
1.02032
1.02027
1.0202
1.02014
1.02009
1.02006
1.02001
1.01998
1.0199
1.01985
1.0198
1.01982
1.01985
1.01985
1.01985
1.01988
1.0199
1.01993
1.01997
1.02007
1.02012
1.02023
1.02032
1.02041
1.02049
1.02061
1.0207
1.02076
1.02078
1.02075
1.02075
1.02075
1.02082
1.02083
1.02084
1.02085
1.02084
1.0209
1.02091
1.02088
1.02086
1.0208
1.02076
1.02074
1.02077
1.0208
1.02083
1.02087
1.02084
1.02089
1.02093
1.02088
1.02085
1.02086
1.02087
1.02084
1.02075
1.0206
1.02058
1.02061
1.02056
1.0205
1.02046
1.02045
1.02039
1.02035
1.02034
1.02036
1.02034
1.02027
1.02025
1.02031
1.02029
1.02028
1.02029
1.0203
1.0203
1.02028
1.02024
1.02027
1.02036
1.02046
1.02052
1.0206
1.02069
1.02074
1.02078
1.02087
1.02099
1.02104
1.02107
1.02103
1.02097
1.02096
1.02091
1.02089
1.02085
1.02082
1.02079
1.02077
1.02074
1.02062
1.02054
1.02043
1.02035
1.02033
1.02035
1.02034
1.02031
1.02028
1.02021
1.02022
1.02017
1.02013
1.02006
1.02007
1.02014
1.02019
1.02015
1.02007
1.02002
1.02005
1.02015
1.02027
1.02034
1.02038
1.02042
1.02049
1.02058
1.02069
1.02079
1.02086
1.02092
1.02101
1.02113
1.02122
1.0213
1.02132
1.0213
1.02137
1.02144
1.02146
1.02147
1.02139
1.02135
1.02132
1.02132
1.02137
1.02134
1.02122
1.02108
1.02101
1.02112
1.02122
1.02124
1.02117
1.02108
1.02107
1.02108
1.02108
1.02109
1.0211
1.02109
1.02112
1.02116
1.02125
1.02138
1.02148
1.02146
1.0215
1.02158
1.0216
1.02158
1.02148
1.02136
1.02131
1.02136
1.02134
1.02127
1.02126
1.02121
1.02116
1.02113
1.02122
1.02123
1.02116
1.02113
1.02111
1.02112
1.02121
1.0213
1.02128
1.02127
1.0213
1.02131
1.02131
1.02133
1.02137
1.02134
1.02135
1.02131
1.0213
1.02129
1.02128
1.02125
1.02132
1.0214
1.02145
1.02149
1.02148
1.02147
1.0215
1.02151
1.02151
1.02147
1.02144
1.02142
1.02143
1.02141
1.02142
1.02145
1.02147
1.02146
1.0215
1.02156
1.02161
1.02162
1.02161
1.02163
1.02163
1.02165
1.02163
1.02163
1.02163
1.02158
1.02158
1.0216
1.02159
1.02158
1.0216
1.02162
1.02164
1.02163
1.0216
1.02158
1.02161
1.02156
1.02152
1.0215
1.02148
1.02151
1.02148
1.0215
1.02147
1.0214
1.02136
1.02131
1.02128
1.02131
1.02137
1.02141
1.02143
1.02136
1.02131
1.02133
1.02139
1.02141
1.02155
1.02158
1.02163
1.02148
1.0214
1.0213
1.02128
1.02136
1.02131
1.02122
1.02117
1.02114
1.02104
1.02088
1.02093
1.021
1.02109
1.02116
1.02121
1.02125
1.0213
1.02137
1.02149
1.02149
1.02153
1.02165
1.02175
1.02172
1.02164
1.02166
1.02176
1.02197
1.0218
1.02168
1.02177
1.02168
1.02165
1.02166
1.02167
1.02171
1.0217
1.02167
1.02164
1.02164
1.02163
1.02163
1.02158
1.02157
1.02159
1.02161
1.0216
1.0216
1.0216
1.02166
1.02174
1.02179
1.02181
1.02186
1.02194
1.02197
1.02201
1.02201
1.02209
1.02213
1.02215
1.02217
1.0222
1.02224
1.02224
1.0223
1.0223
1.02227
1.02219
1.02214
1.02211
1.02209
1.02212
1.02212
1.02212
1.02214
1.02213
1.02213
1.0222
1.02224
1.02229
1.0223
1.02225
1.02226
1.02227
1.02239
1.02249
1.02253
1.02251
1.02252
1.02257
1.02263
1.02262
1.02268
1.02273
1.02277
1.02277
1.02263
1.02255
1.02252
1.02256
1.02256
1.02249
1.02249
1.02249
1.02252
1.02252
1.02257
1.02262
1.0227
1.02278
1.02284
1.0229
1.02293
1.023
1.02305
1.02309
1.02315
1.02318
1.02318
1.02315
1.02315
1.02308
1.02309
1.02306
1.02308
1.02312
1.02314
1.02321
1.02325
1.02326
1.02326
1.02332
1.02332
1.02333
1.02333
1.02336
1.02334
1.02334
1.02339
1.02351
1.02385
1.02467
1.02562
1.02593
1.02572
1.02531
1.02497
1.02488
1.0255
1.02601
1.02587
1.02547
1.02507
1.02487
1.02486
1.02531
1.02552
1.02548
1.0252
1.02493
1.02488
1.02494
1.02511
1.02517
1.02539
1.02557
1.02578
1.02587
1.02577
1.02568
1.02562
1.02545
1.02558
1.02567
1.02569
1.02598
1.02626
1.02652
1.02655
1.02638
1.0263
1.02638
1.02649
1.0266
1.02649
1.02626
1.02606
1.02587
1.02591
1.02615
1.02643
1.02669
1.02649
1.02625
1.02621
1.02666
1.02683
1.02715
1.0271
1.02714
1.02683
1.02669
1.02682
1.02701
1.02728
1.02736
1.02742
1.02734
1.0277
1.02806
1.02836
1.02864
1.02879
1.02867
1.02875
1.02885
1.02901
1.02919
1.02926
1.02913
1.02906
1.02904
1.02896
1.0288
1.02874
1.02868
1.02882
1.02874
1.02867
1.02875
1.0287
1.02859
1.02857
1.02872
1.0287
1.02861
1.02859
1.02855
1.02841
1.02828
1.02828
1.02842
1.0285
1.02857
1.02864
1.02871
1.02883
1.02904
1.02928
1.02948
1.02964
1.02977
1.02987
1.03003
1.03014
1.03024
1.03038
1.03045
1.03048
1.03046
1.03045
1.03044
1.03046
1.03049
1.03047
1.03048
1.03045
1.03046
1.03046
1.03038
1.03032
1.03028
1.03021
1.03015
1.03009
1.0301
1.03007
1.0301
1.03009
1.03007
1.03006
1.03003
1.03005
1.03012
1.03017
1.03019
1.03022
1.03026
1.03031
1.03039
1.03038
1.03036
1.03038
1.03041
1.03042
1.03044
1.03047
1.03047
1.03048
1.03048
1.03047
1.03049
1.0305
1.03049
1.03052
1.03051
1.03051
1.03051
1.0305
1.03046
1.03046
1.03043
1.03042
1.03042
1.03042
1.0304
1.03039
1.03025
1.0298
1.02903
1.02798
1.02818
1.02836
1.02878
1.02893
1.02862
1.02795
1.02777
1.02805
1.02852
1.0287
1.02897
1.02848
1.02797
1.02805
1.02829
1.02866
1.02889
1.02907
1.02881
1.02865
1.02873
1.02854
1.02848
1.02874
1.02899
1.02915
1.02828
1.02818
1.02788
1.02779
1.02775
1.02778
1.0278
1.02759
1.02739
1.02736
1.02734
1.02728
1.02724
1.02728
1.02732
1.02739
1.02744
1.02745
1.02744
1.02748
1.02759
1.02764
1.0277
1.02773
1.02775
1.0278
1.02785
1.02785
1.02788
1.02795
1.028
1.02811
1.0282
1.02836
1.0285
1.02859
1.02876
1.02887
1.02894
1.02899
1.02909
1.02914
1.02917
1.02915
1.02916
1.02915
1.0292
1.02919
1.02921
1.02921
1.02921
1.02917
1.02917
1.02922
1.02921
1.0292
1.02922
1.02923
1.02919
1.02922
1.02928
1.02939
1.02947
1.02948
1.0295
1.02957
1.02962
1.02964
1.02965
1.02969
1.02974
1.02976
1.02987
1.03001
1.03017
1.0303
1.03039
1.03051
1.03055
1.03059
1.03066
1.03077
1.03085
1.03092
1.03095
1.03091
1.03083
1.03081
1.03086
1.03092
1.03089
1.03077
1.03067
1.0306
1.03056
1.03049
1.03054
1.03052
1.0305
1.03044
1.03039
1.03043
1.03045
1.03052
1.03061
1.03072
1.0307
1.03076
1.03083
1.03096
1.03104
1.03106
1.0311
1.03104
1.03109
1.03104
1.03102
1.0309
1.03089
1.03097
1.03115
1.03129
1.03131
1.03129
1.0312
1.0311
1.03098
1.03081
1.0306
1.03043
1.03021
1.02996
1.02976
1.02966
1.0296
1.02952
1.02947
1.02949
1.02951
1.02958
1.02968
1.02986
1.03011
1.03034
1.03058
1.03072
1.03087
1.03113
1.03146
1.03181
1.03205
1.03212
1.03226
1.03232
1.03235
1.03238
1.03238
1.0324
1.03247
1.03239
1.03239
1.03231
1.0321
1.032
1.03198
1.03186
1.03164
1.03157
1.03157
1.0315
1.03145
1.0315
1.03153
1.03155
1.03167
1.03181
1.03181
1.03187
1.03195
1.0321
1.0322
1.03236
1.03244
1.03255
1.03263
1.03275
1.03286
1.03306
1.03311
1.03315
1.03325
1.03343
1.03351
1.03364
1.03368
1.03382
1.03401
1.0341
1.03411
1.03407
1.03403
1.03405
1.03402
1.034
1.0341
1.03418
1.03406
1.03397
1.03407
1.0342
1.03426
1.03428
1.03441
1.03447
1.03466
1.0348
1.03494
1.03496
1.03506
1.03513
1.03522
1.03539
1.0355
1.03553
1.03547
1.03546
1.03549
1.03547
1.03545
1.03546
1.03548
1.03544
1.03539
1.03536
1.03537
1.03537
1.03534
1.03535
1.03537
1.03542
1.03547
1.03552
1.03551
1.03548
1.03534
1.03534
1.03541
1.03554
1.03562
1.03558
1.03552
1.0355
1.03559
1.03568
1.03573
1.03571
1.03561
1.03557
1.03561
1.03569
1.03575
1.03585
1.03585
1.03579
1.03574
1.03567
1.03574
1.03578
1.03581
1.03581
1.03572
1.03573
1.0357
1.03559
1.03552
1.03556
1.03558
1.03561
1.03561
1.03559
1.03572
1.03587
1.03588
1.03595
1.03591
1.03591
1.03589
1.03588
1.03588
1.03583
1.03576
1.03571
1.03567
1.03564
1.03555
1.03546
1.03533
1.0353
1.03522
1.03522
1.03529
1.03532
1.03532
1.0353
1.03523
1.03529
1.03534
1.03531
1.03526
1.03524
1.03528
1.03537
1.03538
1.03542
1.03555
1.0356
1.03566
1.03567
1.03578
1.03576
1.03574
1.03576
1.0357
1.03578
1.03589
1.03585
1.03586
1.03589
1.03596
1.03594
1.03591
1.036
1.03602
1.036
1.03595
1.03596
1.03601
1.036
1.03601
1.03606
1.03618
1.03631
1.03632
1.0363
1.03642
1.03635
1.03635
1.03638
1.03638
1.03628
1.03617
1.0362
1.03621
1.03618
1.03618
1.03621
1.03616
1.03611
1.03611
1.03615
1.03624
1.03634
1.03646
1.03655
1.03652
1.0365
1.03639
1.0365
1.03654
1.03658
1.03662
1.03655
1.03659
1.03658
1.03655
1.03652
1.0366
1.03657
1.03649
1.03645
1.03639
1.03628
1.03628
1.03636
1.03641
1.03636
1.03628
1.03628
1.03628
1.03629
1.03639
1.03651
1.03648
1.03641
1.03637
1.03657
1.03658
1.03661
1.0366
1.0366
1.03661
1.03662
1.03658
1.03654
1.03653
1.0366
1.03645
1.03627
1.03621
1.03621
1.0362
1.03626
1.03634
1.03643
1.03655
1.03634
1.03627
1.03639
1.03657
1.03677
1.03673
1.03667
1.03656
1.03658
1.03655
1.03656
1.03659
1.03658
1.03663
1.03655
1.03661
1.03667
1.03663
1.03666
1.0367
1.03667
1.03664
1.03664
1.03669
1.03675
1.03684
1.03685
1.03666
1.0366
1.03688
1.03707
1.03721
1.03718
1.0373
1.03732
1.03739
1.03737
1.03743
1.0375
1.03765
1.03779
1.03783
1.03786
1.03785
1.03791
1.03803
1.03803
1.0379
1.0379
1.03801
1.03803
1.0381
1.03816
1.03827
1.03832
1.03843
1.03857
1.03857
1.03845
1.03858
1.03863
1.03871
1.03878
1.03869
1.03873
1.03879
1.03897
1.03903
1.03915
1.03917
1.03906
1.03895
1.03883
1.03891
1.039
1.039
1.0389
1.03871
1.03875
1.03867
1.03861
1.03876
1.03861
1.03857
1.03837
1.03842
1.0384
1.03853
1.03875
1.03877
1.03864
1.03853
1.03847
1.03865
1.03882
1.03892
1.03905
1.0389
1.03888
1.03887
1.03883
1.03884
1.03889
1.03898
1.03896
1.03907
1.03909
1.03908
1.03919
1.0393
1.03938
1.03943
1.03957
1.03974
1.03981
1.03969
1.03959
1.03959
1.03968
1.03991
1.04006
1.04007
1.03997
1.03982
1.03995
1.03998
1.03993
1.03992
1.03992
1.04
1.04001
1.04007
1.03993
1.03991
1.03988
1.03999
1.04012
1.04021
1.04018
1.03996
1.03981
1.03976
1.03985
1.03993
1.03988
1.03987
1.03979
1.03976
1.03975
1.0397
1.03965
1.03969
1.03984
1.03997
1.03998
1.04002
1.03998
1.03982
1.03988
1.03985
1.03985
1.03985
1.03973
1.03954
1.03943
1.03936
1.03928
1.03922
1.03924
1.03914
1.03917
1.0393
1.03935
1.03941
1.03941
1.03946
1.03952
1.03957
1.03957
1.0396
1.03965
1.03967
1.03969
1.03977
1.0398
1.03973
1.03972
1.03995
1.04011
1.04039
1.0403
1.04024
1.04013
1.04015
1.04013
1.04016
1.04032
1.04029
1.04037
1.0403
1.04034
1.04022
1.04018
1.04017
1.04018
1.04013
1.04001
1.03999
1.03997
1.03997
1.03991
1.04
1.03993
1.03994
1.03989
1.03982
1.03984
1.03981
1.03975
1.03968
1.03962
1.03959
1.03954
1.03961
1.03959
1.03952
1.03954
1.03952
1.03942
1.0393
1.03932
1.03942
1.03942
1.03936
1.03924
1.03913
1.03909
1.03901
1.03893
1.03893
1.03898
1.03895
1.03893
1.03886
1.03886
1.03883
1.0389
1.03887
1.03888
1.03888
1.03877
1.03879
1.03877
1.03883
1.03893
1.03882
1.0388
1.03878
1.0388
1.03885
1.03873
1.03873
1.03863
1.0386
1.03853
1.03849
1.03851
1.0385
1.03856
1.03853
1.03847
1.03844
1.03846
1.03843
1.03844
1.0384
1.03834
1.03823
1.03817
1.03817
1.03811
1.0381
1.03808
1.03807
1.03813
1.03806
1.03813
1.03808
1.03825
1.03822
1.0382
1.03817
1.0382
1.03829
1.03834
1.03829
1.03832
1.03831
1.03841
1.03847
1.03863
1.03864
1.0388
1.03872
1.03885
1.03877
1.03884
1.03884
1.0388
1.039
1.03913
1.0394
1.03942
1.03948
1.03937
1.03921
1.03909
1.03834
1.03809
1.03809
1.03827
1.03846
1.03806
1.03761
1.0376
1.03765
1.03777
1.03776
1.03773
1.03752
1.03738
1.03726
1.03704
1.03691
1.03693
1.03695
1.03698
1.03704
1.03712
1.03667
1.03659
1.03673
1.0368
1.03698
1.03714
1.0375
1.03751
1.03709
1.03662
1.03633
1.03596
1.03599
1.03585
1.03541
1.03473
1.03395
1.03363
1.03336
1.03326
1.03309
1.03307
1.03312
1.03311
1.03298
1.03283
1.03283
1.03305
1.03341
1.03372
1.03403
1.03421
1.03434
1.03449
1.03467
1.03497
1.0354
1.0358
1.03604
1.03608
1.03616
1.0363
1.03651
1.03707
1.03732
1.03757
1.03761
1.03767
1.03775
1.0379
1.0381
1.03821
1.03834
1.03845
1.0385
1.03858
1.03877
1.03895
1.03914
1.03923
1.03931
1.03948
1.0397
1.03992
1.04007
1.04013
1.0403
1.04041
1.04053
1.04066
1.04084
1.04094
1.0409
1.04106
1.04102
1.04122
1.04148
1.04162
1.04176
1.04192
1.04195
1.04208
1.04237
1.04257
1.04268
1.04248
1.04204
1.04167
1.04139
1.04136
1.04105
1.04049
1.03991
1.03921
1.03876
1.03843
1.03802
1.03729
1.03678
1.03635
1.03608
1.03589
1.0358
1.03568
1.03554
1.03551
1.03561
1.03566
1.03567
1.03583
1.03581
1.036
1.03618
1.03636
1.0365
1.03676
1.03698
1.03719
1.03745
1.0374
1.03739
1.03742
1.03738
1.03745
1.03754
1.03773
1.03775
1.03774
1.03771
1.03771
1.0377
1.03778
1.03779
1.03784
1.03782
1.03771
1.03741
1.03707
1.03671
1.03665
1.03652
1.03623
1.03576
1.03538
1.03533
1.03526
1.03527
1.03537
1.03539
1.03536
1.03537
1.03531
1.03541
1.0355
1.03569
1.03586
1.03599
1.03606
1.03609
1.03601
1.03598
1.03589
1.03596
1.03596
1.03591
1.03587
1.03594
1.03595
1.03616
1.03633
1.03654
1.03671
1.03672
1.03666
1.0367
1.0367
1.03678
1.03675
1.03672
1.03671
1.03654
1.0366
1.03659
1.03673
1.03674
1.03675
1.03666
1.03666
1.03662
1.03662
1.03666
1.03675
1.03684
1.0369
1.03697
1.03707
1.03714
1.03701
1.03705
1.03699
1.03696
1.03681
1.03674
1.03683
1.03695
1.03689
1.03697
1.03683
1.03692
1.03679
1.03692
1.03695
1.03691
1.03695
1.03703
1.03692
1.03701
1.03699
1.03709
1.03701
1.03695
1.03694
1.03693
1.03685
1.03685
1.03687
1.03697
1.03703
1.03692
1.03686
1.03688
1.03689
1.03682
1.03693
1.03678
1.03704
1.03692
1.03698
1.03692
1.03685
1.03685
1.03681
1.03687
1.0369
1.03693
1.037
1.03696
1.03696
1.03702
1.03701
1.03712
1.03725
1.03726
1.03719
1.03728
1.03728
1.03733
1.03738
1.03743
1.03733
1.03732
1.03737
1.0373
1.0374
1.03732
1.03734
1.03734
1.03723
1.03723
1.03724
1.03732
1.03734
1.03725
1.03717
1.03704
1.0369
1.03698
1.03707
1.03708
1.03708
1.03692
1.03697
1.03693
1.03699
1.03698
1.03702
1.0371
1.03712
1.03719
1.03722
1.03722
1.03727
1.03729
1.03736
1.03727
1.03721
1.03723
1.03718
1.03715
1.03714
1.03717
1.03719
1.03707
1.03709
1.03705
1.03711
1.03714
1.03723
1.03734
1.03725
1.03725
1.03715
1.03717
1.03726
1.03733
1.0374
1.03729
1.0374
1.03739
1.03741
1.03737
1.03749
1.03759
1.03765
1.03769
1.03765
1.03772
1.03786
1.03788
1.03796
1.03813
1.03823
1.03808
1.03799
1.03789
1.0379
1.03786
1.0379
1.0379
1.03791
1.03793
1.0378
1.03778
1.03767
1.03755
1.03748
1.0376
1.03755
1.03758
1.03748
1.03749
1.03753
1.03764
1.03771
1.03773
1.03796
1.03783
1.03778
1.03775
1.03772
1.03771
1.03767
1.03767
1.03752
1.03735
1.03722
1.03702
1.03706
1.037
1.03714
1.0371
1.03714
1.03712
1.03716
1.03722
1.03725
1.03726
1.03732
1.03734
1.03731
1.03721
1.03724
1.03722
1.03727
1.03729
1.03732
1.03732
1.03724
1.03727
1.03727
1.03736
1.03741
1.03749
1.03756
1.0377
1.0378
1.03794
1.03781
1.03772
1.03768
1.03803
1.03798
1.03824
1.03816
1.03837
1.03812
1.03811
1.03806
1.03834
1.03852
1.03857
1.0387
1.03878
1.03875
1.03851
1.03839
1.03834
1.03832
1.03847
1.03847
1.03825
1.03785
1.03749
1.0374
1.03726
1.03737
1.0375
1.03737
1.03728
1.03714
1.03705
1.03703
1.03713
1.03719
1.03724
1.03724
1.03742
1.03745
1.03746
1.0375
1.03769
1.0378
1.038
1.0383
1.03834
1.03844
1.03836
1.03846
1.03855
1.0386
1.03858
1.03859
1.0386
1.03852
1.03841
1.03834
1.03836
1.03844
1.03839
1.03826
1.03811
1.03806
1.03805
1.03804
1.03799
1.03794
1.03792
1.03787
1.03788
1.03781
1.03771
1.03771
1.0379
1.03789
1.03778
1.03769
1.03766
1.03758
1.03757
1.03757
1.03754
1.03758
1.03769
1.03765
1.03767
1.03775
1.03785
1.03791
1.03797
1.03806
1.03818
1.0382
1.03822
1.03818
1.03828
1.03838
1.0386
1.03866
1.0387
1.03879
1.03879
1.03881
1.03876
1.03879
1.0388
1.03887
1.03879
1.03876
1.03871
1.03873
1.03877
1.03887
1.03899
1.03908
1.0391
1.03923
1.03953
1.03964
1.03971
1.03974
1.03972
1.03966
1.03956
1.03952
1.03945
1.03936
1.03931
1.0392
1.03911
1.039
1.03899
1.03893
1.03888
1.03879
1.03873
1.03866
1.03866
1.03866
1.03869
1.03868
1.03875
1.03866
1.03855
1.03856
1.03859
1.03861
1.03855
1.03865
1.03865
1.03869
1.0387
1.03873
1.03881
1.03886
1.03879
1.03872
1.0387
1.0387
1.03875
1.03871
1.03869
1.03869
1.03855
1.03849
1.03846
1.03842
1.03849
1.03847
1.03858
1.03869
1.03886
1.03892
1.03902
1.03923
1.03942
1.03965
1.03973
1.03975
1.03968
1.03977
1.03996
1.04005
1.04013
1.04012
1.04021
1.0402
1.04037
1.04056
1.04072
1.0406
1.04047
1.04031
1.04027
1.04031
1.04018
1.04002
1.03989
1.03982
1.0398
1.0398
1.0398
1.03974
1.03971
1.03961
1.03962
1.03963
1.03955
1.03946
1.03938
1.03935
1.03937
1.03935
1.0393
1.03913
1.03904
1.03896
1.03896
1.03894
1.03885
1.0388
1.03876
1.03886
1.03891
1.03899
1.03902
1.03916
1.03939
1.03956
1.03968
1.03974
1.03983
1.03993
1.03999
1.03998
1.03994
1.03985
1.03971
1.03957
1.03954
1.03955
1.03944
1.03939
1.03922
1.03913
1.03903
1.03895
1.03885
1.03873
1.03858
1.03847
1.03834
1.0382
1.03813
1.0381
1.03815
1.03825
1.03828
1.0382
1.03818
1.03826
1.03837
1.03848
1.03847
1.03842
1.03847
1.03853
1.03861
1.03867
1.03868
1.03865
1.03858
1.03858
1.03863
1.03862
1.0388
1.03886
1.03902
1.03921
1.03943
1.03948
1.03949
1.03947
1.03957
1.03959
1.03961
1.03956
1.03948
1.03937
1.03928
1.03921
1.03916
1.03915
1.03907
1.039
1.03888
1.03868
1.03852
1.03839
1.03827
1.03815
1.038
1.03797
1.03791
1.03793
1.038
1.03807
1.03808
1.0382
1.03824
1.03829
1.03835
1.03839
1.03843
1.03849
1.03854
1.03853
1.03861
1.03869
1.03888
1.03908
1.03925
1.03929
1.03934
1.0393
1.03932
1.03935
1.0395
1.03956
1.0396
1.03967
1.0397
1.03975
1.03972
1.03972
1.03973
1.03966
1.03961
1.03948
1.03933
1.0392
1.03922
1.03915
1.03908
1.0391
1.0391
1.03893
1.03889
1.03889
1.03885
1.03881
1.03868
1.03856
1.03853
1.03853
1.03852
1.03845
1.03847
1.03849
1.0385
1.0385
1.03846
1.03848
1.03841
1.03857
1.03873
1.03889
1.03892
1.03895
1.03899
1.03907
1.03908
1.03918
1.03933
1.03939
1.03942
1.03952
1.03956
1.03956
1.03955
1.03957
1.0395
1.03951
1.03943
1.03934
1.03921
1.03905
1.03902
1.039
1.03901
1.03892
1.03876
1.03868
1.03865
1.03869
1.03868
1.03872
1.03873
1.03877
1.03884
1.03889
1.0389
1.03901
1.03907
1.03915
1.03916
1.03923
1.03927
1.03927
1.03922
1.03926
1.03935
1.03944
1.0395
1.03954
1.03955
1.03956
1.03964
1.0397
1.03975
1.03977
1.03974
1.03968
1.03965
1.03967
1.03971
1.03964
1.03946
1.03933
1.03916
1.03913
1.03913
1.03911
1.03906
1.03894
1.0389
1.03889
1.03894
1.03898
1.03903
1.03909
1.03907
1.03907
1.03917
1.03919
1.03923
1.0393
1.03941
1.03959
1.03979
1.03995
1.04008
1.04027
1.04039
1.04048
1.04052
1.04055
1.04057
1.04055
1.04051
1.04052
1.0404
1.04026
1.04012
1.03998
1.03988
1.03979
1.03969
1.03954
1.03943
1.03934
1.03931
1.03926
1.03934
1.0393
1.03926
1.03928
1.03934
1.03945
1.03944
1.03939
1.03928
1.03922
1.03911
1.03921
1.03928
1.0394
1.03961
1.03985
1.04004
1.04003
1.04008
1.04024
1.04039
1.0405
1.04053
1.04049
1.04047
1.04049
1.0405
1.04062
1.04072
1.04081
1.04086
1.04096
1.04099
1.04106
1.04108
1.04114
1.04118
1.04119
1.04115
1.04114
1.04109
1.04103
1.04097
1.0409
1.04089
1.04087
1.04077
1.04067
1.04058
1.04051
1.04041
1.04034
1.04025
1.04018
1.04003
1.03992
1.03983
1.03976
1.03971
1.03968
1.03963
1.03959
1.03955
1.03953
1.03957
1.03959
1.03965
1.03972
1.03982
1.03989
1.04001
1.04013
1.04025
1.04031
1.04042
1.04046
1.04051
1.04058
1.0406
1.04068
1.04072
1.04071
1.0407
1.04069
1.04065
1.04061
1.04057
1.04052
1.04047
1.04042
1.0404
1.04036
1.04035
1.04031
1.04023
1.04013
1.04003
1.03986
1.03972
1.03954
1.03941
1.0394
1.03935
1.03935
1.03932
1.03939
1.03948
1.03967
1.03983
1.03992
1.04007
1.04024
1.04049
1.04071
1.04092
1.04107
1.04117
1.04126
1.04127
1.04129
1.04131
1.0413
1.04124
1.04113
1.04106
1.04097
1.04087
1.04076
1.04065
1.04051
1.04041
1.04025
1.04013
1.04004
1.03993
1.03981
1.03969
1.03958
1.03949
1.03945
1.03942
1.03942
1.03945
1.03946
1.03948
1.03945
1.03951
1.03955
1.03958
1.03959
1.03961
1.03957
1.03956
1.03956
1.03957
1.03963
1.03959
1.0396
1.03956
1.03954
1.0396
1.03964
1.03966
1.03962
1.03955
1.03952
1.03943
1.03935
1.0393
1.03927
1.03933
1.03939
1.03949
1.03946
1.03951
1.03961
1.03975
1.0399
1.04001
1.04004
1.03998
1.03993
1.03986
1.03979
1.03969
1.03955
1.03956
1.0394
1.03929
1.03923
1.03929
1.03936
1.03943
1.03948
1.03946
1.0394
1.03929
1.03921
1.0392
1.03919
1.03917
1.03903
1.03888
1.03878
1.03873
1.0387
1.03877
1.03882
1.03885
1.03881
1.0388
1.0388
1.03883
1.03885
1.03867
1.038
1.03712
1.03686
1.03715
1.03765
1.03811
1.03833
1.0378
1.03741
1.03762
1.03805
1.03847
1.03868
1.03875
1.03839
1.03825
1.0383
1.03853
1.03875
1.03877
1.03869
1.03855
1.03846
1.03821
1.03797
1.03767
1.03756
1.03764
1.03774
1.03779
1.03794
1.0378
1.03765
1.03757
1.03722
1.0369
1.0366
1.03654
1.03666
1.03672
1.03664
1.03649
1.03639
1.03647
1.03667
1.03685
1.037
1.03689
1.03659
1.0363
1.036
1.03617
1.03637
1.03645
1.03597
1.03577
1.03549
1.03554
1.03554
1.03588
1.03602
1.03592
1.03577
1.03551
1.03546
1.03546
1.0356
1.03529
1.03503
1.0348
1.03455
1.0344
1.03454
1.03444
1.03435
1.03419
1.034
1.03393
1.03398
1.03405
1.03408
1.03419
1.0344
1.03454
1.03472
1.0347
1.03482
1.03496
1.03499
1.03516
1.0354
1.03556
1.03553
1.03564
1.03576
1.03576
1.03579
1.03587
1.03596
1.03589
1.03583
1.03575
1.03562
1.03551
1.03541
1.03526
1.03504
1.03482
1.03456
1.03433
1.03412
1.03392
1.03367
1.03347
1.03332
1.03322
1.03314
1.03306
1.03305
1.03305
1.03311
1.03314
1.03323
1.03335
1.03343
1.0335
1.03354
1.03355
1.03361
1.03365
1.03368
1.0338
1.03389
1.03395
1.03394
1.03398
1.03394
1.03391
1.03387
1.03386
1.03381
1.03368
1.03354
1.03337
1.03321
1.0332
1.03315
1.03312
1.03307
1.03312
1.03318
1.03323
1.03332
1.03337
1.03343
1.03347
1.03354
1.0336
1.03362
1.03364
1.03362
1.03364
1.03363
1.03358
1.03364
1.03365
1.03369
1.03371
1.03373
1.0337
1.03371
1.03372
1.03372
1.03371
1.03371
1.03371
1.03373
1.03377
1.03381
1.03386
1.0339
1.03393
1.03397
1.03406
1.03414
1.03418
1.03423
1.03425
1.03428
1.0343
1.03435
1.03435
1.03438
1.03439
1.03437
1.03435
1.03429
1.03427
1.03421
1.03413
1.0341
1.03397
1.03386
1.03376
1.0337
1.03359
1.0335
1.03345
1.03343
1.03339
1.03337
1.03337
1.03339
1.03341
1.03345
1.0335
1.0335
1.03352
1.03355
1.03357
1.03357
1.03361
1.03361
1.03359
1.03355
1.03351
1.03347
1.03347
1.0334
1.03338
1.03338
1.03339
1.03338
1.03336
1.03328
1.03319
1.0331
1.03298
1.03288
1.03271
1.03258
1.03249
1.03231
1.03222
1.03222
1.03213
1.03205
1.03213
1.03224
1.03241
1.03246
1.0324
1.03232
1.03243
1.03249
1.03256
1.03258
1.03259
1.03256
1.03251
1.03248
1.03248
1.03241
1.03235
1.03227
1.03214
1.03199
1.03181
1.03171
1.03165
1.03158
1.03146
1.03139
1.03134
1.03129
1.03124
1.03118
1.03115
1.03106
1.03094
1.03086
1.03084
1.03081
1.03078
1.03076
1.03078
1.03075
1.0307
1.03072
1.03073
1.03074
1.03084
1.03089
1.03095
1.03097
1.03098
1.03104
1.03119
1.03135
1.03146
1.03153
1.03158
1.03149
1.03152
1.03154
1.03158
1.03157
1.03148
1.03138
1.03131
1.03119
1.03102
1.03089
1.03075
1.03055
1.03038
1.03021
1.03007
1.02994
1.02981
1.02968
1.02968
1.02971
1.02976
1.02977
1.02969
1.0295
1.02936
1.02929
1.02921
1.02921
1.02923
1.02927
1.0293
1.02941
1.02954
1.0297
1.0299
1.0301
1.03026
1.03034
1.03044
1.03054
1.03061
1.03071
1.03075
1.03069
1.03056
1.03035
1.03013
1.02985
1.02969
1.02952
1.02921
1.02883
1.02846
1.02816
1.02805
1.02785
1.0277
1.02758
1.02747
1.02734
1.02721
1.02703
1.02699
1.02688
1.02683
1.02688
1.02685
1.02675
1.02675
1.0269
1.0269
1.02684
1.02686
1.02689
1.0269
1.02697
1.0271
1.02713
1.02718
1.02735
1.02749
1.02761
1.02767
1.02778
1.02772
1.02772
1.02767
1.02762
1.02754
1.02744
1.02719
1.02708
1.02697
1.02681
1.02654
1.02641
1.02619
1.02605
1.0258
1.02555
1.02539
1.02528
1.02526
1.02522
1.02511
1.02506
1.02506
1.02496
1.02487
1.025
1.02507
1.0249
1.02472
1.02461
1.02452
1.02434
1.02422
1.02403
1.0239
1.02374
1.02362
1.02347
1.02339
1.02333
1.0232
1.02302
1.0229
1.02285
1.02282
1.02276
1.02273
1.02269
1.02268
1.02263
1.02259
1.02258
1.02259
1.02259
1.0226
1.02266
1.02264
1.02266
1.02274
1.02283
1.02291
1.02298
1.02312
1.02333
1.02348
1.02351
1.02341
1.02339
1.02343
1.02347
1.02346
1.02339
1.02334
1.02326
1.02319
1.02319
1.02314
1.02309
1.02305
1.02302
1.02291
1.02284
1.02282
1.02279
1.02275
1.02268
1.02257
1.02253
1.02242
1.02235
1.02221
1.02213
1.02212
1.02209
1.02203
1.02203
1.02195
1.02193
1.02195
1.02185
1.02177
1.02185
1.02185
1.02187
1.02188
1.0219
1.02193
1.02194
1.02195
1.02196
1.022
1.02197
1.02197
1.02196
1.02211
1.02227
1.02227
1.02232
1.02234
1.02232
1.02231
1.02226
1.02219
1.02216
1.022
1.0219
1.02197
1.02193
1.02182
1.02171
1.0216
1.0216
1.02159
1.02147
1.02141
1.02135
1.02136
1.02138
1.02138
1.02144
1.02146
1.02164
1.02158
1.02143
1.02141
1.02143
1.02132
1.02116
1.02102
1.02104
1.02099
1.02093
1.02087
1.0208
1.02082
1.02084
1.02092
1.02093
1.02096
1.02094
1.02089
1.02089
1.02098
1.02103
1.02111
1.02112
1.02106
1.02114
1.0212
1.02123
1.02118
1.02115
1.02117
1.02112
1.02101
1.02098
1.02107
1.02123
1.02105
1.02096
1.02085
1.02077
1.02064
1.02074
1.02085
1.02089
1.02078
1.02072
1.02083
1.02086
1.02111
1.02116
1.02112
1.02115
1.02117
1.0212
1.0214
1.02155
1.02162
1.02166
1.02183
1.0218
1.02172
1.0216
1.02159
1.02162
1.02147
1.02139
1.02143
1.02129
1.02108
1.02104
1.02111
1.02112
1.0209
1.02108
1.02101
1.02098
1.02088
1.02079
1.02069
1.0206
1.02054
1.0205
1.02049
1.02058
1.02061
1.02066
1.02058
1.02058
1.02052
1.02056
1.02041
1.02029
1.02039
1.02039
1.02028
1.02021
1.02005
1.02002
1.0201
1.02015
1.0201
1.02022
1.02031
1.02072
1.02088
1.02107
1.02103
1.02092
1.02072
1.02068
1.02069
1.02077
1.02087
1.02082
1.02071
1.02068
1.02058
1.02049
1.0205
1.02064
1.02072
1.02042
1.02024
1.02002
1.01997
1.01982
1.01992
1.01996
1.02012
1.02005
1.01993
1.0197
1.01952
1.01955
1.01974
1.01979
1.01971
1.01961
1.01945
1.01946
1.01935
1.01925
1.01921
1.01921
1.01928
1.01938
1.01946
1.01951
1.01945
1.01938
1.01966
1.01978
1.02008
1.02029
1.02032
1.02046
1.02045
1.02051
1.02045
1.02051
1.02051
1.02054
1.02063
1.02066
1.02066
1.02051
1.02044
1.02061
1.02065
1.02078
1.02056
1.02055
1.02048
1.02022
1.02027
1.02035
1.0204
1.02023
1.02012
1.02002
1.01974
1.01968
1.01984
1.02007
1.02007
1.01987
1.01967
1.01955
1.01944
1.01953
1.0195
1.0196
1.01965
1.01968
1.01968
1.01973
1.01992
1.01989
1.01996
1.02003
1.01986
1.01985
1.01981
1.01977
1.01979
1.01958
1.0196
1.01965
1.01972
1.01972
1.01973
1.01956
1.01936
1.01934
1.01938
1.01952
1.01932
1.01921
1.01928
1.01939
1.01942
1.01942
1.01933
1.01934
1.01947
1.01956
1.01965
1.01963
1.01944
1.01926
1.01918
1.01919
1.01921
1.0191
1.01901
1.01891
1.01885
1.01875
1.01872
1.01874
1.01874
1.0188
1.01889
1.01915
1.0191
1.01902
1.01896
1.01913
1.01925
1.01941
1.01935
1.01938
1.01934
1.01927
1.0194
1.01953
1.0197
1.01964
1.01954
1.01945
1.01941
1.01962
1.01964
1.01953
1.01947
1.01933
1.01931
1.01933
1.01943
1.0195
1.01946
1.0194
1.01935
1.01927
1.01921
1.01918
1.0192
1.01934
1.01936
1.01926
1.01912
1.01898
1.01936
1.01946
1.01964
1.01943
1.01942
1.01928
1.01913
1.01909
1.01887
1.01888
1.0188
1.01894
1.01898
1.01892
1.0189
1.01895
1.01921
1.01928
1.01936
1.01953
1.01976
1.01976
1.01987
1.01989
1.02
1.02013
1.02018
1.02026
1.02016
1.02021
1.02011
1.02015
1.02009
1.02015
1.02006
1.02004
1.01999
1.02006
1.02033
1.02035
1.0203
1.02007
1.02008
1.02007
1.02024
1.02029
1.0206
1.02064
1.02058
1.02043
1.02032
1.02024
1.02013
1.02023
1.0202
1.02029
1.0202
1.0203
1.02046
1.02051
1.02054
1.02061
1.02071
1.02092
1.02092
1.02084
1.02078
1.0206
1.02074
1.02047
1.02066
1.02066
1.02093
1.02103
1.02114
1.02125
1.02116
1.02121
1.02123
1.02123
1.02125
1.02119
1.02121
1.02146
1.02166
1.02177
1.02165
1.02166
1.02161
1.02164
1.02178
1.02197
1.02209
1.0221
1.02223
1.02231
1.02243
1.02244
1.02237
1.02249
1.02253
1.02242
1.02225
1.02216
1.02208
1.02232
1.02234
1.02242
1.02234
1.02227
1.02214
1.02208
1.02197
1.02197
1.02183
1.02191
1.02176
1.02185
1.02185
1.02179
1.02174
1.02168
1.02187
1.0218
1.02189
1.02182
1.02187
1.02193
1.0221
1.02218
1.02245
1.02243
1.02247
1.02258
1.02244
1.02245
1.02258
1.02256
1.02242
1.02262
1.02273
1.02282
1.02313
1.0235
1.02356
1.02344
1.02328
1.02326
1.02315
1.02322
1.02348
1.02337
1.02336
1.02318
1.02305
1.02287
1.0228
1.02292
1.02299
1.0228
1.02258
1.02228
1.02209
1.02198
1.02204
1.02207
1.02176
1.02167
1.0216
1.02159
1.02142
1.02122
1.02106
1.02111
1.02126
1.02125
1.02124
1.0211
1.021
1.02088
1.02076
1.02072
1.02085
1.02087
1.02078
1.02053
1.02023
1.02022
1.0202
1.02034
1.02042
1.02049
1.01996
1.02004
1.02011
1.02047
1.02095
1.02114
1.02114
1.02101
1.02126
1.02158
1.02191
1.02211
1.02217
1.0222
1.02226
1.02228
1.02236
1.02234
1.0225
1.02242
1.02227
1.02218
1.02225
1.0222
1.02209
1.02196
1.02206
1.022
1.0219
1.02181
1.02169
1.02155
1.02145
1.02127
1.02126
1.0212
1.0211
1.0211
1.02099
1.02066
1.02045
1.02048
1.02038
1.02049
1.02035
1.02041
1.02025
1.02016
1.02026
1.02005
1.02014
1.02009
1.02039
1.02041
1.02072
1.02077
1.02088
1.02075
1.02074
1.0207
1.02091
1.02109
1.02113
1.02116
1.02122
1.02133
1.02129
1.02138
1.02132
1.02141
1.02124
1.02123
1.0212
1.02108
1.02114
1.0211
1.02103
1.02095
1.02097
1.02102
1.0209
1.0208
1.02074
1.02077
1.02063
1.02058
1.02054
1.02069
1.02065
1.02053
1.02023
1.02
1.02
1.01998
1.02015
1.02026
1.02007
1.02014
1.02018
1.0203
1.02054
1.02071
1.02068
1.02065
1.02052
1.0206
1.02083
1.02086
1.02093
1.02084
1.02096
1.02107
1.0211
1.02119
1.02125
1.02153
1.0217
1.02157
1.0216
1.02161
1.0216
1.02168
1.02149
1.02136
1.02136
1.02137
1.02136
1.02114
1.02096
1.02095
1.02107
1.02112
1.02124
1.02112
1.02103
1.02095
1.02091
1.02106
1.02105
1.02104
1.02111
1.02117
1.02107
1.02104
1.02107
1.02114
1.02133
1.02156
1.0215
1.02153
1.02153
1.02153
1.02147
1.02135
1.02149
1.02132
1.02138
1.02125
1.02136
1.02137
1.02135
1.02119
1.02134
1.02137
1.02158
1.02147
1.02158
1.0213
1.02117
1.0212
1.02127
1.02116
1.0214
1.02124
1.02114
1.021
1.02101
1.02114
1.02104
1.02107
1.02097
1.02104
1.02122
1.02111
1.02101
1.02104
1.02111
1.02113
1.02118
1.02133
1.02117
1.0213
1.02124
1.02142
1.02165
1.02184
1.02219
1.02216
1.02219
1.02206
1.02204
1.02199
1.0219
1.02187
1.02184
1.02167
1.02162
1.02153
1.02134
1.02114
1.02104
1.0209
1.02079
1.02076
1.02076
1.02073
1.02089
1.02093
1.02095
1.02109
1.02098
1.02105
1.02109
1.02123
1.02147
1.02152
1.02163
1.02167
1.02181
1.02204
1.02223
1.02258
1.02255
1.02247
1.02254
1.02276
1.02281
1.02301
1.02303
1.02317
1.02298
1.02302
1.02296
1.02298
1.02295
1.0228
1.02273
1.02267
1.02258
1.02246
1.02241
1.02232
1.0222
1.022
1.02177
1.02177
1.0217
1.02167
1.02141
1.02132
1.0212
1.021
1.02078
1.0209
1.02073
1.0208
1.02099
1.02101
1.02105
1.0211
1.02122
1.0213
1.02131
1.02146
1.02156
1.02176
1.02189
1.02202
1.02199
1.02206
1.02217
1.02217
1.02214
1.02199
1.02174
1.02173
1.02167
1.02143
1.02135
1.02152
1.02156
1.02171
1.02185
1.0218
1.0218
1.02184
1.02195
1.02205
1.02217
1.02214
1.02223
1.02236
1.02243
1.02231
1.02241
1.02243
1.02252
1.02245
1.02229
1.02207
1.02201
1.02212
1.02219
1.02251
1.02248
1.02242
1.0223
1.02235
1.02269
1.02282
1.02329
1.02335
1.02341
1.02335
1.02327
1.02334
1.02349
1.02368
1.02379
1.02394
1.02396
1.02395
1.02399
1.02411
1.02425
1.02426
1.0243
1.02423
1.02423
1.02412
1.02409
1.0239
1.02373
1.02373
1.02364
1.02371
1.02376
1.0236
1.02345
1.02347
1.02354
1.02338
1.0235
1.02333
1.02351
1.02354
1.02368
1.02335
1.02356
1.02333
1.02348
1.02321
1.02361
1.02343
1.0234
1.02305
1.02291
1.02299
1.02304
1.02311
1.02313
1.02351
1.02364
1.02384
1.02412
1.02413
1.02431
1.0245
1.02518
1.02543
1.02576
1.02614
1.02595
1.02607
1.02605
1.0264
1.02639
1.02653
1.0266
1.02671
1.0269
1.02692
1.02694
1.02662
1.02669
1.02672
1.02661
1.02644
1.0265
1.02631
1.02594
1.02574
1.02553
1.02543
1.02527
1.02529
1.02537
1.02556
1.02552
1.02532
1.02527
1.02533
1.02547
1.02561
1.0256
1.02553
1.02546
1.02552
1.02558
1.02582
1.02579
1.02602
1.02605
1.02622
1.02641
1.0264
1.02657
1.0267
1.02683
1.02678
1.02674
1.027
1.02696
1.02719
1.02731
1.02713
1.02702
1.02698
1.0272
1.02699
1.02705
1.02703
1.02712
1.02695
1.02676
1.02676
1.02689
1.02695
1.02692
1.02684
1.02678
1.02682
1.02672
1.02659
1.0265
1.02645
1.02639
1.02637
1.02639
1.02658
1.02671
1.02677
1.02694
1.02716
1.02726
1.02767
1.028
1.02826
1.02812
1.02806
1.028
1.02812
1.02807
1.02771
1.02773
1.02768
1.02757
1.02744
1.02736
1.02757
1.02759
1.02769
1.02766
1.02748
1.02764
1.02782
1.02783
1.02786
1.02785
1.02791
1.02797
1.028
1.02805
1.02794
1.02797
1.02806
1.02814
1.02808
1.02832
1.02858
1.02885
1.02883
1.02891
1.02913
1.02921
1.02923
1.02915
1.02941
1.02958
1.0296
1.02948
1.02941
1.02948
1.02943
1.0293
1.02912
1.02911
1.0292
1.02912
1.02913
1.02903
1.02903
1.02905
1.02899
1.02913
1.02906
1.02897
1.02886
1.02896
1.02902
1.02882
1.02869
1.02852
1.02848
1.02857
1.02866
1.02867
1.02851
1.02845
1.02836
1.02847
1.02844
1.02834
1.02818
1.02803
1.02807
1.02812
1.0282
1.02821
1.02816
1.02815
1.02822
1.02841
1.02856
1.02862
1.02862
1.02869
1.0287
1.02881
1.02894
1.02898
1.02901
1.02899
1.02903
1.02911
1.02919
1.02924
1.02932
1.02945
1.02953
1.02974
1.02996
1.03012
1.03016
1.03012
1.03015
1.03023
1.03036
1.03043
1.03052
1.03052
1.03054
1.03044
1.03032
1.03021
1.03003
1.02988
1.02969
1.02959
1.02947
1.02942
1.02925
1.02917
1.02913
1.02917
1.0291
1.02892
1.02873
1.02855
1.02856
1.02869
1.02872
1.02873
1.02875
1.02881
1.02889
1.02916
1.02942
1.02964
1.02977
1.02997
1.0301
1.03015
1.03034
1.03065
1.03081
1.03083
1.03077
1.03078
1.03086
1.03092
1.03084
1.03073
1.03064
1.0306
1.03067
1.0307
1.03081
1.03091
1.03082
1.03078
1.0306
1.03054
1.03046
1.03031
1.03016
1.03023
1.03019
1.03012
1.03003
1.03
1.03001
1.03007
1.03014
1.03019
1.03019
1.03031
1.03043
1.03043
1.03047
1.03055
1.03072
1.03097
1.03119
1.03139
1.0316
1.03175
1.03197
1.03215
1.03239
1.03256
1.03264
1.03274
1.03288
1.03306
1.03327
1.03334
1.03332
1.03324
1.03314
1.03303
1.03284
1.03267
1.03234
1.03204
1.03163
1.03121
1.03085
1.03055
1.03016
1.02978
1.02942
1.0292
1.02903
1.02896
1.02883
1.02867
1.02856
1.02853
1.02839
1.02825
1.02818
1.02816
1.02811
1.02806
1.02813
1.02814
1.02807
1.0282
1.02839
1.02853
1.02862
1.02883
1.02899
1.02918
1.02942
1.0296
1.02998
1.03043
1.03093
1.03129
1.03134
1.03137
1.03133
1.03127
1.03116
1.03111
1.03155
1.03171
1.03226
1.03241
1.03213
1.032
1.03214
1.03273
1.03313
1.03335
1.03365
1.03381
1.03393
1.0341
1.03441
1.03445
1.03453
1.0346
1.03457
1.03442
1.03434
1.03426
1.03435
1.03443
1.03441
1.03434
1.03436
1.03438
1.03427
1.03428
1.03431
1.0345
1.03437
1.03448
1.03451
1.03437
1.03423
1.03406
1.0339
1.03382
1.03379
1.03379
1.03378
1.03376
1.03377
1.03368
1.03371
1.03374
1.03371
1.03373
1.03383
1.03388
1.03392
1.034
1.03414
1.03419
1.03431
1.03429
1.03429
1.0344
1.0345
1.03449
1.03448
1.03451
1.03449
1.03451
1.03462
1.0348
1.035
1.03504
1.03521
1.03523
1.0352
1.03527
1.03529
1.03542
1.03525
1.03499
1.03467
1.03439
1.03427
1.0343
1.03446
1.03449
1.03432
1.03399
1.03382
1.03383
1.03381
1.03381
1.03376
1.03358
1.03332
1.03317
1.03315
1.03306
1.03308
1.0331
1.03319
1.03327
1.03338
1.03344
1.03351
1.03369
1.03372
1.03388
1.03403
1.03406
1.03406
1.03418
1.03443
1.03452
1.03458
1.03479
1.03493
1.03506
1.03508
1.03497
1.03497
1.03506
1.03519
1.03522
1.03528
1.03515
1.03501
1.03482
1.03456
1.03427
1.03406
1.03408
1.03412
1.03395
1.03385
1.03384
1.03389
1.03389
1.03411
1.03425
1.03433
1.03429
1.0343
1.03427
1.03424
1.03431
1.03444
1.03457
1.03472
1.03471
1.03461
1.03449
1.03448
1.03449
1.03457
1.03453
1.03445
1.0343
1.03416
1.03416
1.0342
1.0342
1.03427
1.03426
1.03423
1.03427
1.03426
1.03425
1.0343
1.03444
1.03446
1.0344
1.03443
1.03436
1.03437
1.03431
1.03435
1.03438
1.03439
1.0344
1.03435
1.0343
1.03407
1.034
1.03397
1.03396
1.03398
1.03399
1.03399
1.034
1.03409
1.03414
1.0342
1.0342
1.03422
1.03428
1.03429
1.03426
1.03427
1.03427
1.03429
1.03431
1.03434
1.03437
1.03444
1.03452
1.03451
1.03453
1.03466
1.0348
1.03489
1.03506
1.03523
1.03533
1.0354
1.03542
1.03546
1.03545
1.03543
1.03533
1.03517
1.03492
1.03462
1.03444
1.03429
1.03427
1.0341
1.03388
1.03369
1.03353
1.03341
1.03335
1.03338
1.03337
1.03339
1.03346
1.03349
1.03351
1.03357
1.03364
1.03372
1.03378
1.03384
1.03391
1.03399
1.03417
1.03422
1.03425
1.03436
1.03446
1.03453
1.03468
1.03482
1.03484
1.03492
1.03503
1.03512
1.03519
1.03525
1.03533
1.03539
1.03546
1.03549
1.03546
1.03542
1.03536
1.03532
1.0353
1.0353
1.03527
1.03526
1.03517
1.03506
1.03495
1.03484
1.03481
1.03479
1.03474
1.03468
1.0346
1.03452
1.03446
1.03441
1.0343
1.03427
1.03427
1.03416
1.03415
1.03405
1.03401
1.03393
1.03383
1.03371
1.03378
1.0339
1.03396
1.03406
1.03418
1.0344
1.03461
1.03468
1.03483
1.03495
1.03508
1.03506
1.03501
1.03494
1.03489
1.03487
1.03498
1.03505
1.03508
1.03509
1.03506
1.03509
1.03518
1.03541
1.03562
1.03574
1.03573
1.03565
1.03563
1.03562
1.03564
1.03563
1.0355
1.03531
1.03508
1.03484
1.03466
1.03448
1.03433
1.03416
1.034
1.0339
1.03377
1.03368
1.03354
1.03343
1.03341
1.03337
1.03336
1.03332
1.0333
1.03329
1.03338
1.03349
1.03344
1.03341
1.03348
1.03356
1.0336
1.03368
1.03369
1.03373
1.0338
1.03379
1.03382
1.03387
1.03395
1.03387
1.03386
1.0339
1.03395
1.034
1.03414
1.03422
1.0342
1.0342
1.03423
1.03423
1.0342
1.03418
1.03422
1.0342
1.03422
1.03421
1.03424
1.03425
1.03429
1.0343
1.03432
1.03432
1.03432
1.03431
1.03424
1.03421
1.03421
1.0342
1.0342
1.03413
1.03414
1.03411
1.03412
1.03404
1.03393
1.03382
1.03376
1.0337
1.03368
1.03365
1.03359
1.03356
1.0335
1.03343
1.03342
1.03347
1.03354
1.03352
1.03356
1.03354
1.03354
1.0335
1.03349
1.03338
1.03335
1.03329
1.03329
1.03325
1.03319
1.03312
1.0331
1.03306
1.03309
1.03311
1.03313
1.03309
1.03305
1.033
1.03297
1.03296
1.03302
1.03306
1.03313
1.03318
1.03316
1.03311
1.03319
1.03334
1.03343
1.0336
1.0337
1.03368
1.03368
1.03362
1.03362
1.03369
1.03383
1.03379
1.03374
1.03365
1.0336
1.03355
1.03353
1.03349
1.03336
1.03331
1.03319
1.03303
1.03292
1.03293
1.03284
1.03283
1.03283
1.03273
1.03265
1.03261
1.03262
1.0326
1.03274
1.03285
1.03293
1.03301
1.03309
1.03316
1.03309
1.03307
1.03312
1.03321
1.03315
1.03306
1.03294
1.03293
1.03293
1.03301
1.03307
1.03303
1.03304
1.033
1.03297
1.03294
1.03298
1.03312
1.03317
1.03316
1.03311
1.03306
1.03313
1.0332
1.03327
1.03324
1.03323
1.03328
1.03333
1.03334
1.03319
1.03316
1.03309
1.03308
1.0331
1.03307
1.03302
1.03299
1.03293
1.0329
1.03287
1.03284
1.03279
1.03276
1.03267
1.03258
1.03252
1.03246
1.03244
1.03238
1.03234
1.03228
1.03229
1.03237
1.03235
1.03228
1.03227
1.03234
1.03237
1.03238
1.03247
1.03246
1.03244
1.03236
1.03226
1.0322
1.03222
1.03219
1.03209
1.03205
1.03201
1.03199
1.032
1.03204
1.03213
1.03211
1.03214
1.03213
1.03214
1.03218
1.03231
1.03234
1.0325
1.03255
1.03256
1.03242
1.0323
1.03225
1.03233
1.0324
1.03244
1.03248
1.0325
1.03253
1.03256
1.03261
1.03268
1.03274
1.03269
1.03267
1.03259
1.03236
1.03219
1.03201
1.03182
1.0318
1.03174
1.03159
1.03144
1.03133
1.03132
1.03136
1.0314
1.03142
1.03141
1.03141
1.03146
1.03154
1.03165
1.03181
1.03193
1.03189
1.03186
1.0319
1.03192
1.03201
1.032
1.03202
1.03201
1.03209
1.03212
1.03216
1.03219
1.03223
1.03219
1.03204
1.03196
1.03182
1.03159
1.03132
1.03104
1.03067
1.03028
1.03014
1.03019
1.03029
1.03031
1.03036
1.03041
1.03072
1.03124
1.03186
1.03222
1.03218
1.03232
1.03258
1.0331
1.03364
1.0341
1.0346
1.03468
1.03475
1.03473
1.03476
1.03489
1.03516
1.03541
1.03552
1.03549
1.03527
1.03508
1.03516
1.03518
1.03529
1.03519
1.03502
1.03496
1.03484
1.03484
1.0348
1.03507
1.03507
1.035
1.03501
1.03487
1.03464
1.03444
1.03451
1.03461
1.03468
1.0347
1.03452
1.03438
1.03425
1.03442
1.03457
1.03478
1.03471
1.03455
1.03457
1.03472
1.03499
1.03537
1.03571
1.03585
1.03596
1.03616
1.03641
1.03672
1.037
1.03727
1.03753
1.03766
1.03778
1.03788
1.03808
1.03821
1.03841
1.03858
1.03884
1.03897
1.03905
1.03921
1.03956
1.0398
1.04001
1.04035
1.04048
1.04057
1.04057
1.04076
1.04095
1.04107
1.04105
1.04097
1.04082
1.04072
1.04058
1.04044
1.04041
1.04055
1.04051
1.04045
1.04039
1.04042
1.04055
1.04064
1.04075
1.04081
1.04089
1.041
1.04121
1.04143
1.04165
1.04173
1.04188
1.04203
1.04218
1.04238
1.04252
1.04262
1.04275
1.04285
1.04297
1.04301
1.04313
1.04328
1.04338
1.04352
1.04362
1.04379
1.04388
1.04403
1.04405
1.04406
1.04409
1.04421
1.04431
1.04437
1.04437
1.04434
1.04434
1.04437
1.04438
1.04438
1.04449
1.04459
1.04462
1.04457
1.04452
1.04457
1.04466
1.04474
1.04471
1.0447
1.04467
1.04471
1.04473
1.04465
1.04457
1.0445
1.04442
1.04442
1.04441
1.04443
1.04433
1.04435
1.04422
1.04414
1.04414
1.04432
1.04455
1.04458
1.04454
1.04458
1.04458
1.04459
1.04462
1.04473
1.04478
1.04483
1.04484
1.04485
1.04486
1.04497
1.0451
1.04513
1.04512
1.0451
1.0451
1.04509
1.0451
1.04514
1.04522
1.0452
1.04523
1.04525
1.04528
1.04526
1.04518
1.04517
1.04516
1.04517
1.04519
1.04524
1.04524
1.04513
1.04507
1.04503
1.04508
1.04514
1.04514
1.04513
1.04508
1.04518
1.04513
1.04505
1.04512
1.04519
1.04521
1.04521
1.04516
1.04516
1.04527
1.04535
1.0455
1.04571
1.0458
1.04578
1.04592
1.04603
1.04607
1.04608
1.04616
1.0462
1.04618
1.04619
1.04606
1.04588
1.04587
1.04584
1.04588
1.04575
1.04584
1.04591
1.04593
1.04596
1.04607
1.04615
1.04625
1.04629
1.04628
1.0463
1.04626
1.04626
1.04623
1.04613
1.04605
1.04598
1.04588
1.04573
1.04559
1.04553
1.04552
1.04544
1.04547
1.04542
1.0454
1.04527
1.0453
1.04533
1.04541
1.04535
1.04536
1.04546
1.04552
1.04562
1.04564
1.04559
1.04577
1.04581
1.04583
1.04576
1.04577
1.04577
1.04572
1.0458
1.04581
1.0458
1.04554
1.04544
1.04525
1.04523
1.04534
1.04534
1.04528
1.04505
1.04486
1.04481
1.04477
1.04477
1.04474
1.04473
1.04475
1.04473
1.04477
1.04478
1.04499
1.04513
1.04514
1.04519
1.0453
1.04535
1.04534
1.04547
1.04566
1.04561
1.04572
1.04568
1.04577
1.04581
1.04589
1.046
1.04606
1.04607
1.04597
1.04597
1.04601
1.04595
1.046
1.04603
1.04606
1.04592
1.04595
1.04592
1.04597
1.04598
1.046
1.04582
1.04576
1.04579
1.04584
1.04586
1.04582
1.04575
1.04562
1.04524
1.04513
1.04487
1.04492
1.04494
1.04505
1.04509
1.04503
1.04493
1.04492
1.04508
1.04523
1.04522
1.0452
1.04517
1.0452
1.04524
1.04524
1.04532
1.04542
1.0456
1.04579
1.04591
1.04591
1.0459
1.04589
1.04593
1.04593
1.046
1.04605
1.04606
1.04584
1.04581
1.04579
1.04571
1.04581
1.0459
1.04607
1.04608
1.04616
1.04609
1.04592
1.0458
1.04569
1.0455
1.04538
1.04542
1.04517
1.04494
1.04458
1.04432
1.04424
1.04417
1.04406
1.04393
1.04395
1.04388
1.04391
1.0439
1.04388
1.04389
1.04403
1.04414
1.04422
1.04407
1.04403
1.04403
1.04424
1.04439
1.04447
1.04457
1.04466
1.0445
1.04461
1.04463
1.04473
1.04466
1.04481
1.04481
1.0447
1.04451
1.04458
1.04464
1.04459
1.04463
1.04461
1.04469
1.04474
1.04457
1.04458
1.04456
1.04454
1.04435
1.04422
1.04421
1.04419
1.04426
1.04437
1.04434
1.04428
1.04431
1.04424
1.04438
1.04444
1.04459
1.04473
1.04488
1.04484
1.04483
1.04492
1.04503
1.04513
1.04517
1.04517
1.04522
1.04522
1.04524
1.04528
1.04524
1.04531
1.0453
1.04532
1.04529
1.04517
1.04509
1.04511
1.04516
1.0452
1.0453
1.04538
1.04538
1.0454
1.04539
1.04546
1.04552
1.04553
1.04553
1.04557
1.0456
1.04561
1.04544
1.04542
1.04534
1.04532
1.04506
1.04503
1.04505
1.04509
1.04504
1.04494
1.04484
1.04479
1.0448
1.04486
1.04503
1.04504
1.04501
1.04488
1.04462
1.04458
1.04465
1.04478
1.0448
1.04473
1.04453
1.04431
1.04425
1.04444
1.04451
1.04445
1.04453
1.04454
1.04442
1.04439
1.04436
1.04443
1.04442
1.04452
1.04439
1.0441
1.04415
1.04413
1.04434
1.04442
1.04467
1.04469
1.04475
1.0448
1.04487
1.04493
1.04496
1.04486
1.04482
1.04481
1.04479
1.04464
1.04455
1.04451
1.04439
1.04425
1.04419
1.04423
1.04436
1.04445
1.04439
1.0444
1.04441
1.04469
1.04475
1.04493
1.04486
1.04495
1.04482
1.04495
1.04511
1.04513
1.04507
1.04488
1.04494
1.04493
1.04504
1.04502
1.04492
1.04484
1.04481
1.04451
1.04444
1.04452
1.04457
1.04458
1.04464
1.04472
1.04465
1.04463
1.04454
1.04452
1.04442
1.04418
1.04412
1.04415
1.04403
1.04385
1.04351
1.04343
1.04353
1.04354
1.04362
1.0434
1.04353
1.0434
1.04334
1.04311
1.04298
1.04301
1.04293
1.043
1.04293
1.04294
1.04303
1.04312
1.0432
1.04313
1.04297
1.04278
1.04277
1.04291
1.04297
1.04307
1.04296
1.04286
1.04266
1.04257
1.04261
1.04245
1.04233
1.04207
1.04215
1.04213
1.04217
1.04223
1.04227
1.04238
1.04242
1.04266
1.04249
1.04234
1.0422
1.04218
1.04219
1.04212
1.04219
1.04211
1.04219
1.0422
1.04216
1.04224
1.04218
1.04228
1.04225
1.04241
1.04241
1.04236
1.04241
1.04226
1.04235
1.04236
1.04244
1.0423
1.04228
1.04197
1.0418
1.04172
1.04183
1.04197
1.04194
1.04161
1.0415
1.04156
1.04142
1.04127
1.04116
1.04094
1.04061
1.04048
1.0404
1.04058
1.04054
1.04054
1.04044
1.04028
1.04029
1.04029
1.04032
1.04033
1.04031
1.04028
1.04025
1.04027
1.04028
1.04037
1.0405
1.04075
1.04086
1.04084
1.04087
1.04103
1.04125
1.04139
1.04136
1.04142
1.04145
1.04154
1.04159
1.04162
1.04173
1.04166
1.04164
1.04164
1.0417
1.04187
1.04192
1.04189
1.04186
1.04195
1.04214
1.04226
1.04223
1.04234
1.04233
1.04233
1.04232
1.04267
1.04266
1.04267
1.04225
1.04164
1.04131
1.04118
1.04134
1.04112
1.04076
1.04045
1.04017
1.04016
1.04004
1.0399
1.0399
1.04
1.03995
1.03967
1.03966
1.03978
1.03995
1.04007
1.04007
1.04
1.04006
1.03994
1.03986
1.03989
1.0402
1.04024
1.04046
1.04045
1.04051
1.04053
1.04061
1.0407
1.04077
1.04085
1.041
1.04109
1.04093
1.04101
1.04097
1.04106
1.04096
1.04094
1.04089
1.04083
1.04089
1.04082
1.04073
1.04054
1.04046
1.04021
1.04017
1.04006
1.04028
1.04035
1.04037
1.04022
1.04016
1.0402
1.0401
1.04016
1.04012
1.04022
1.04038
1.04055
1.04059
1.04067
1.04064
1.04055
1.04067
1.04065
1.04068
1.04073
1.0407
1.04065
1.04063
1.0407
1.04078
1.04085
1.04075
1.04084
1.04083
1.0408
1.04059
1.04062
1.04072
1.04097
1.04101
1.041
1.04102
1.0409
1.04083
1.041
1.04101
1.04091
1.04067
1.04049
1.04022
1.04022
1.04031
1.04036
1.0403
1.04012
1.04015
1.04015
1.04029
1.04025
1.04014
1.04012
1.04004
1.04003
1.03988
1.03983
1.03986
1.03984
1.03995
1.04001
1.04004
1.04023
1.04032
1.04045
1.04035
1.04033
1.04055
1.04073
1.0408
1.04075
1.04061
1.04048
1.04045
1.04055
1.0406
1.04059
1.04045
1.04031
1.04028
1.0401
1.04002
1.04007
1.04014
1.04005
1.03991
1.03967
1.03937
1.03941
1.03933
1.0393
1.03919
1.03907
1.03905
1.03892
1.03898
1.0389
1.03893
1.03881
1.03881
1.03878
1.03883
1.03874
1.03864
1.0386
1.03875
1.03879
1.03904
1.03918
1.03933
1.03936
1.03959
1.0396
1.03979
1.04002
1.04014
1.04021
1.04018
1.04037
1.04047
1.04065
1.04052
1.04035
1.04037
1.04042
1.04057
1.04055
1.04045
1.04036
1.04035
1.04053
1.0406
1.04053
1.04046
1.04021
1.03997
1.0397
1.03983
1.03987
1.04001
1.04
1.03998
1.04008
1.0402
1.04025
1.04044
1.04053
1.04054
1.0406
1.04085
1.04103
1.04099
1.04107
1.04106
1.04107
1.04113
1.04106
1.041
1.04101
1.04091
1.04099
1.0409
1.04085
1.04071
1.04071
1.04061
1.04045
1.04029
1.04012
1.03999
1.03986
1.0396
1.03964
1.03962
1.03956
1.03924
1.03917
1.03895
1.03897
1.03888
1.03907
1.03915
1.03914
1.039
1.03912
1.03929
1.03938
1.03947
1.03964
1.03985
1.03989
1.04007
1.04034
1.04055
1.04086
1.0409
1.04102
1.04102
1.04114
1.04124
1.04128
1.04147
1.04162
1.04148
1.04144
1.04123
1.04112
1.04112
1.04114
1.04105
1.04078
1.0406
1.04049
1.0404
1.0402
1.04002
1.03993
1.03986
1.03988
1.03979
1.03972
1.03968
1.03972
1.03983
1.03995
1.0399
1.03993
1.04009
1.04012
1.04012
1.04019
1.04027
1.04018
1.04034
1.04033
1.04032
1.04014
1.03998
1.03996
1.03997
1.03999
1.03994
1.03989
1.03981
1.03978
1.03987
1.03999
1.04012
1.04038
1.04048
1.04056
1.04059
1.04053
1.04049
1.0406
1.04071
1.04086
1.04084
1.04061
1.04056
1.04019
1.04019
1.04007
1.04004
1.03979
1.03964
1.03937
1.03919
1.03888
1.03857
1.03844
1.03838
1.03844
1.03838
1.0382
1.03821
1.03832
1.03855
1.03859
1.03877
1.0388
1.03906
1.03932
1.03933
1.03956
1.03963
1.03969
1.03981
1.03995
1.03987
1.03985
1.03997
1.03977
1.03981
1.0399
1.03996
1.03988
1.03983
1.03967
1.03972
1.03971
1.03975
1.03951
1.03956
1.0396
1.03967
1.03957
1.03937
1.03911
1.03887
1.03872
1.03858
1.03862
1.03844
1.03811
1.03789
1.03772
1.03775
1.03751
1.03772
1.03762
1.03749
1.03769
1.03747
1.03775
1.03776
1.03805
1.03796
1.03785
1.03773
1.03763
1.03765
1.03755
1.03769
1.03766
1.03763
1.03762
1.0374
1.03705
1.03689
1.03692
1.03714
1.03717
1.03727
1.03728
1.03711
1.03692
1.03685
1.03697
1.03713
1.03721
1.03718
1.03705
1.03696
1.03709
1.03733
1.03745
1.03759
1.03751
1.03733
1.03733
1.03722
1.03735
1.03726
1.03715
1.03716
1.03697
1.03699
1.03705
1.03698
1.03711
1.03703
1.03719
1.03695
1.03697
1.03725
1.03743
1.03747
1.03726
1.03736
1.03728
1.03735
1.03737
1.03754
1.03763
1.03758
1.03756
1.03755
1.03759
1.03772
1.03784
1.03772
1.03775
1.03776
1.03776
1.03772
1.03785
1.0378
1.03772
1.03756
1.03734
1.03723
1.03697
1.03689
1.03678
1.0365
1.03624
1.03604
1.03623
1.03618
1.03615
1.03595
1.0358
1.03606
1.03603
1.03601
1.0361
1.0362
1.03638
1.03629
1.0363
1.03632
1.03647
1.03675
1.0367
1.03666
1.03675
1.03669
1.03676
1.03669
1.03663
1.0367
1.0367
1.0368
1.03679
1.03669
1.03667
1.03681
1.03685
1.03677
1.0365
1.03654
1.03654
1.03643
1.03643
1.03661
1.03672
1.0364
1.03627
1.03627
1.0365
1.03669
1.03661
1.03665
1.0367
1.03676
1.03684
1.03676
1.03677
1.03688
1.0371
1.03713
1.03712
1.03723
1.03725
1.03729
1.03735
1.0374
1.03731
1.03721
1.03726
1.0373
1.03722
1.03711
1.03697
1.03688
1.03669
1.03664
1.03654
1.03654
1.03642
1.03629
1.03628
1.03629
1.03626
1.03602
1.03606
1.03602
1.03607
1.03616
1.03609
1.03607
1.03609
1.03622
1.03632
1.03653
1.03656
1.0366
1.03656
1.03655
1.03667
1.03669
1.03684
1.0368
1.0367
1.03666
1.03666
1.0367
1.03664
1.0365
1.03629
1.03604
1.03591
1.0359
1.03596
1.03597
1.03593
1.03578
1.03559
1.03539
1.03526
1.03516
1.03512
1.03518
1.03519
1.03526
1.03536
1.03535
1.03532
1.03539
1.03556
1.03579
1.03594
1.03603
1.03604
1.03616
1.03641
1.03669
1.03688
1.03708
1.03703
1.037
1.03702
1.03708
1.03716
1.03721
1.03707
1.03688
1.03674
1.03669
1.03661
1.03655
1.03644
1.03622
1.03587
1.0357
1.0356
1.03559
1.03555
1.03556
1.03553
1.03553
1.0355
1.0354
1.03525
1.03508
1.03498
1.03483
1.03473
1.03475
1.03473
1.03468
1.03467
1.03462
1.03463
1.03458
1.03446
1.03447
1.03454
1.03461
1.03461
1.03458
1.03454
1.03453
1.03457
1.03468
1.03464
1.03452
1.0345
1.03454
1.03455
1.0345
1.03446
1.0344
1.03424
1.0341
1.03401
1.03393
1.03374
1.03357
1.03334
1.0332
1.03301
1.03275
1.03235
1.03207
1.03188
1.03178
1.03172
1.03172
1.03172
1.0318
1.03201
1.03222
1.03247
1.0328
1.0331
1.03339
1.03379
1.03419
1.03468
1.03519
1.0357
1.03607
1.03637
1.03665
1.03701
1.03742
1.0378
1.03826
1.03846
1.03863
1.03876
1.0388
1.03894
1.03902
1.03905
1.039
1.03882
1.0385
1.03824
1.03806
1.03789
1.03766
1.03739
1.03701
1.03665
1.03623
1.0358
1.03526
1.03494
1.03487
1.03484
1.0348
1.03481
1.0349
1.03491
1.03447
1.03429
1.03377
1.03345
1.0336
1.03359
1.03341
1.03283
1.03247
1.03223
1.03209
1.03193
1.03172
1.03151
1.03116
1.03106
1.03106
1.03107
1.03116
1.03129
1.03138
1.03144
1.03148
1.03152
1.03164
1.03181
1.03183
1.03186
1.03202
1.03213
1.03221
1.03202
1.03218
1.03209
1.03211
1.03212
1.03224
1.0323
1.03232
1.03237
1.03244
1.03236
1.03232
1.03219
1.03213
1.03216
1.03212
1.03207
1.03209
1.03199
1.03185
1.03179
1.03174
1.03157
1.03141
1.03135
1.03111
1.03106
1.031
1.03086
1.03074
1.03071
1.03069
1.0307
1.03077
1.03081
1.03079
1.03069
1.03062
1.03063
1.03058
1.0306
1.03063
1.03057
1.03054
1.03045
1.03063
1.03089
1.03121
1.03152
1.03168
1.0317
1.03156
1.03155
1.03173
1.03203
1.03209
1.03194
1.03178
1.0316
1.03147
1.03147
1.03158
1.03161
1.03149
1.03145
1.03131
1.03121
1.03112
1.03099
1.03085
1.03077
1.03062
1.03039
1.03024
1.03015
1.03007
1.03009
1.03021
1.03025
1.03004
1.02998
1.03008
1.03015
1.03035
1.0304
1.03039
1.0305
1.03065
1.03074
1.03093
1.03108
1.03125
1.03143
1.0316
1.03171
1.03183
1.03198
1.03213
1.03218
1.0321
1.03202
1.03194
1.03181
1.03171
1.03164
1.03139
1.03116
1.03097
1.03084
1.03072
1.03058
1.0305
1.03034
1.03021
1.03008
1.02989
1.0298
1.02996
1.0301
1.03021
1.03032
1.03037
1.03053
1.03072
1.03091
1.03104
1.03109
1.03118
1.03135
1.03142
1.03148
1.03157
1.03154
1.03165
1.03171
1.03173
1.03163
1.03169
1.03176
1.03179
1.03189
1.03186
1.0319
1.03186
1.03189
1.03187
1.03184
1.03181
1.03171
1.03173
1.03166
1.03165
1.03157
1.03148
1.03148
1.03142
1.03133
1.03119
1.03111
1.03105
1.03102
1.03091
1.03077
1.03067
1.03063
1.03061
1.03065
1.03064
1.03067
1.03064
1.0305
1.03034
1.03026
1.03033
1.03038
1.03039
1.03035
1.03038
1.03031
1.03027
1.0304
1.03043
1.03044
1.03046
1.03052
1.03047
1.03047
1.03059
1.03062
1.03075
1.03076
1.03085
1.03074
1.03071
1.03069
1.03068
1.03067
1.03071
1.0307
1.03079
1.03076
1.0308
1.03071
1.03073
1.03086
1.03097
1.03112
1.03115
1.03118
1.03113
1.03116
1.0312
1.03115
1.03121
1.03132
1.03128
1.03124
1.03124
1.03114
1.03097
1.03099
1.03102
1.03095
1.03087
1.03084
1.03082
1.03066
1.03061
1.03056
1.03049
1.03049
1.03051
1.03045
1.03042
1.0304
1.03032
1.0303
1.03021
1.03019
1.03024
1.03029
1.03029
1.0303
1.03026
1.03024
1.03027
1.03032
1.03034
1.03043
1.03047
1.03054
1.03056
1.03053
1.0306
1.03057
1.03055
1.03051
1.0305
1.03046
1.03055
1.03052
1.03032
1.03022
1.03016
1.03007
1.02991
1.02982
1.02975
1.02976
1.0297
1.02958
1.02951
1.0296
1.02969
1.02979
1.02988
1.02993
1.02989
1.03005
1.03016
1.03018
1.03025
1.03033
1.0302
1.03006
1.03007
1.03019
1.03025
1.03017
1.03017
1.0301
1.03
1.03006
1.03017
1.03031
1.03043
1.03053
1.03064
1.03075
1.03081
1.03088
1.03091
1.03099
1.03098
1.03109
1.03113
1.03113
1.03123
1.03125
1.03123
1.03114
1.03109
1.03099
1.03093
1.03106
1.03105
1.03101
1.0309
1.03093
1.03087
1.03091
1.0309
1.03087
1.03078
1.03064
1.03051
1.03042
1.03044
1.03043
1.03038
1.03029
1.03015
1.02993
1.02991
1.03004
1.03013
1.0302
1.03036
1.03045
1.03058
1.03061
1.03064
1.03068
1.03078
1.03083
1.03082
1.03077
1.03079
1.03076
1.03067
1.03063
1.0306
1.03064
1.03058
1.03056
1.03049
1.0305
1.03053
1.0305
1.03052
1.03057
1.03059
1.03065
1.03069
1.03074
1.03077
1.03085
1.03092
1.03098
1.03099
1.03111
1.03122
1.03125
1.03122
1.03123
1.03129
1.03124
1.03117
1.03105
1.03104
1.03096
1.03103
1.031
1.03099
1.03091
1.03087
1.03079
1.03082
1.03083
1.03083
1.03087
1.03079
1.03072
1.03078
1.03087
1.03095
1.03099
1.03104
1.03102
1.03096
1.03093
1.03095
1.03101
1.03103
1.031
1.0309
1.03085
1.03064
1.03063
1.03074
1.03074
1.03067
1.03061
1.03048
1.03027
1.03035
1.03047
1.03052
1.03052
1.03051
1.03049
1.03051
1.03065
1.03074
1.03092
1.03108
1.03131
1.03133
1.03147
1.03163
1.03169
1.03189
1.0321
1.03222
1.03231
1.03231
1.03219
1.03209
1.03203
1.03195
1.03187
1.03173
1.03179
1.03173
1.03153
1.0313
1.03121
1.03106
1.03093
1.03081
1.03065
1.03049
1.03038
1.03039
1.03052
1.03074
1.03087
1.03094
1.03108
1.03111
1.0312
1.03137
1.03147
1.03159
1.03167
1.03173
1.03172
1.03172
1.03172
1.0317
1.03165
1.03158
1.03162
1.03165
1.03169
1.03161
1.03153
1.0315
1.03154
1.03162
1.03171
1.03176
1.03183
1.03196
1.03198
1.03199
1.03202
1.03218
1.03229
1.03239
1.03238
1.03241
1.03253
1.03261
1.0326
1.03252
1.03254
1.03261
1.03258
1.03244
1.03228
1.03221
1.03212
1.0321
1.03213
1.03215
1.03221
1.03225
1.03218
1.03214
1.03222
1.03228
1.03237
1.03238
1.03236
1.03234
1.03226
1.03227
1.0323
1.03238
1.03249
1.0325
1.0323
1.03223
1.03212
1.03215
1.03222
1.0323
1.03243
1.03244
1.03244
1.03237
1.03237
1.03237
1.03241
1.03246
1.03248
1.03249
1.0325
1.03249
1.03254
1.03264
1.03276
1.03281
1.03278
1.03275
1.03291
1.03306
1.03319
1.03323
1.03333
1.03336
1.03335
1.0334
1.03346
1.03357
1.03371
1.03377
1.03377
1.0337
1.03363
1.03346
1.03343
1.03356
1.03358
1.03355
1.03354
1.0335
1.03349
1.03353
1.03368
1.03364
1.0336
1.03364
1.03361
1.03358
1.03357
1.03362
1.03371
1.0338
1.03399
1.0341
1.03419
1.03432
1.03417
1.03401
1.03384
1.03385
1.03351
1.03342
1.03311
1.03319
1.03288
1.03264
1.03236
1.03308
1.03341
1.03341
1.03297
1.03257
1.03232
1.03211
1.03229
1.03247
1.0326
1.03268
1.03274
1.0326
1.03253
1.0325
1.0327
1.03303
1.0332
1.03299
1.03285
1.03268
1.03282
1.03305
1.03306
1.03319
1.03317
1.03313
1.03278
1.03288
1.03305
1.03313
1.03332
1.03368
1.03393
1.03394
1.03382
1.03369
1.03372
1.03403
1.03425
1.03427
1.0341
1.03395
1.03369
1.0337
1.03382
1.0337
1.03353
1.03328
1.03281
1.03245
1.03236
1.0324
1.03226
1.03201
1.03172
1.03148
1.0313
1.03118
1.03113
1.03108
1.03103
1.03087
1.03081
1.03062
1.0306
1.03051
1.0305
1.03057
1.03052
1.03032
1.03015
1.03002
1.02984
1.02987
1.02996
1.03009
1.02996
1.02965
1.02947
1.02944
1.02939
1.02945
1.02929
1.0291
1.02896
1.02876
1.02846
1.02834
1.02832
1.02836
1.02823
1.02789
1.02774
1.02764
1.02772
1.02768
1.02759
1.02745
1.02715
1.02683
1.02677
1.02686
1.02676
1.02677
1.02664
1.02668
1.02673
1.0269
1.02713
1.02705
1.02712
1.02707
1.02703
1.02713
1.02719
1.02721
1.02717
1.02713
1.02699
1.02694
1.02687
1.0268
1.02678
1.02674
1.02664
1.02662
1.02654
1.02647
1.02652
1.02661
1.02677
1.02668
1.0267
1.02677
1.02688
1.02692
1.02692
1.02687
1.02689
1.02698
1.02694
1.02696
1.027
1.02699
1.02699
1.02712
1.02716
1.02718
1.02719
1.02714
1.02706
1.02706
1.02698
1.02701
1.02696
1.02693
1.02675
1.02664
1.02667
1.02667
1.0266
1.02663
1.02667
1.02671
1.02675
1.0268
1.02673
1.02671
1.02677
1.02689
1.02701
1.02698
1.02692
1.02694
1.02692
1.02695
1.02701
1.02709
1.02703
1.02705
1.02709
1.02711
1.02714
1.02717
1.02716
1.0272
1.02725
1.02719
1.02708
1.02694
1.02688
1.02686
1.02702
1.02715
1.02726
1.0274
1.02735
1.02722
1.02729
1.02744
1.02752
1.02755
1.02759
1.02757
1.02752
1.02764
1.0278
1.02791
1.02799
1.02788
1.02781
1.02769
1.02753
1.02733
1.02742
1.0274
1.02741
1.02742
1.02745
1.02742
1.02747
1.02741
1.02732
1.02742
1.0276
1.0277
1.02769
1.02767
1.02766
1.02757
1.02756
1.02757
1.02747
1.0274
1.02736
1.02736
1.02733
1.02732
1.02727
1.02731
1.02736
1.02731
1.02734
1.02745
1.02745
1.02747
1.02754
1.02769
1.02773
1.02771
1.02775
1.0277
1.02773
1.02778
1.0278
1.02779
1.02785
1.02779
1.02783
1.02785
1.0279
1.02796
1.028
1.02798
1.02812
1.02816
1.02824
1.02831
1.02824
1.02836
1.02841
1.02848
1.02844
1.02845
1.02856
1.0287
1.02879
1.02874
1.02867
1.02864
1.02871
1.02884
1.02883
1.02876
1.02866
1.02858
1.02852
1.0285
1.02851
1.02851
1.0286
1.02851
1.02841
1.02829
1.02839
1.02838
1.02841
1.02835
1.02831
1.0284
1.02842
1.02839
1.02833
1.02837
1.02848
1.02853
1.02843
1.02836
1.02835
1.02848
1.02859
1.02872
1.02869
1.02877
1.02893
1.0291
1.02906
1.02898
1.02894
1.02892
1.02891
1.02889
1.0288
1.02875
1.02888
1.02896
1.02895
1.02882
1.02889
1.02895
1.02891
1.02894
1.02886
1.02882
1.0289
1.02893
1.02889
1.02891
1.029
1.02914
1.02923
1.02919
1.02905
1.02908
1.02919
1.02941
1.0295
1.02939
1.02929
1.02918
1.02914
1.02905
1.02891
1.02884
1.02878
1.02874
1.02862
1.02849
1.02849
1.02864
1.0287
1.0288
1.02877
1.02887
1.02898
1.02913
1.02915
1.02919
1.02935
1.02942
1.02945
1.02934
1.02936
1.02947
1.02953
1.02955
1.02959
1.02956
1.02973
1.02998
1.03001
1.03013
1.03011
1.03008
1.03014
1.03034
1.03036
1.03022
1.03021
1.03016
1.03012
1.03004
1.03
1.0299
1.02981
1.02968
1.02965
1.02969
1.02967
1.02961
1.02952
1.02958
1.02954
1.02955
1.02975
1.0298
1.02984
1.02989
1.02993
1.02985
1.02987
1.02996
1.03006
1.03001
1.03004
1.03008
1.03003
1.02991
1.02984
1.02985
1.02988
1.02986
1.02989
1.02982
1.02983
1.02976
1.02974
1.02982
1.02976
1.02977
1.02969
1.0297
1.02971
1.02965
1.02954
1.02948
1.02941
1.02936
1.02919
1.0292
1.02914
1.02911
1.02901
1.02896
1.02895
1.02902
1.02909
1.02902
1.02882
1.02874
1.0286
1.02866
1.02871
1.02868
1.0287
1.02866
1.02852
1.02845
1.02847
1.02861
1.02872
1.02881
1.02895
1.02906
1.02924
1.02928
1.02941
1.02967
1.02991
1.02986
1.02978
1.02967
1.02959
1.02988
1.03006
1.03009
1.03017
1.03017
1.03019
1.03015
1.03022
1.0302
1.03022
1.03002
1.02988
1.02976
1.02963
1.02965
1.02963
1.02968
1.02985
1.02983
1.02975
1.02968
1.02971
1.02971
1.02979
1.02995
1.02995
1.02982
1.02976
1.02985
1.02983
1.02991
1.03007
1.03
1.02986
1.02978
1.02971
1.02967
1.02968
1.02968
1.0296
1.0297
1.02974
1.02961
1.0295
1.02961
1.02976
1.02992
1.02992
1.03002
1.02997
1.03004
1.03016
1.03017
1.03029
1.03033
1.03041
1.03038
1.0303
1.03012
1.02997
1.0299
1.02977
1.02963
1.02958
1.02934
1.02913
1.02894
1.02887
1.02881
1.02882
1.02873
1.02865
1.02863
1.02865
1.02862
1.02858
1.0286
1.02857
1.02861
1.02862
1.02869
1.02899
1.02898
1.02887
1.02882
1.02887
1.0289
1.02893
1.02904
1.02911
1.02923
1.02931
1.02942
1.02952
1.02961
1.02976
1.02992
1.03005
1.02999
1.02996
1.03006
1.03032
1.0304
1.0305
1.03056
1.03052
1.03046
1.03045
1.03048
1.03049
1.03044
1.03043
1.03037
1.03039
1.0305
1.03055
1.03054
1.03055
1.03049
1.03045
1.03051
1.03046
1.03026
1.03011
1.0301
1.03011
1.03003
1.02996
1.02982
1.02979
1.02979
1.02985
1.02987
1.02981
1.02977
1.02971
1.02975
1.02967
1.02969
1.02984
1.02987
1.02984
1.02968
1.02977
1.03003
1.03024
1.03045
1.03062
1.03079
1.03092
1.03103
1.03112
1.0312
1.03132
1.03131
1.03126
1.0312
1.03121
1.03121
1.03112
1.03111
1.03103
1.03105
1.03109
1.03102
1.03092
1.03091
1.03095
1.03099
1.03094
1.03083
1.03065
1.03053
1.03048
1.0306
1.03056
1.03037
1.03028
1.03034
1.03033
1.03031
1.0302
1.03016
1.03022
1.03017
1.03027
1.03035
1.03046
1.0304
1.03051
1.03063
1.03067
1.03072
1.03093
1.03102
1.03106
1.03111
1.03118
1.03112
1.03107
1.03099
1.03091
1.03082
1.03074
1.03066
1.03052
1.03053
1.03069
1.0308
1.03087
1.03087
1.03085
1.03085
1.03087
1.03091
1.03087
1.03086
1.03079
1.03073
1.03064
1.03067
1.03074
1.03068
1.03051
1.03043
1.03036
1.03027
1.03016
1.03006
1.02995
1.02972
1.02947
1.02921
1.02933
1.02956
1.02971
1.02964
1.02936
1.02923
1.0293
1.02933
1.02946
1.02944
1.02952
1.0295
1.02947
1.02931
1.02945
1.02968
1.0299
1.03
1.02993
1.02983
1.02992
1.03004
1.02999
1.0299
1.02971
1.02974
1.02961
1.02956
1.02949
1.02942
1.02932
1.02946
1.02964
1.02984
1.03005
1.03025
1.0304
1.0307
1.03101
1.03132
1.03164
1.03195
1.03215
1.03227
1.03247
1.03263
1.03262
1.03256
1.03257
1.03252
1.0324
1.03235
1.03219
1.03211
1.03193
1.0318
1.03165
1.03158
1.0315
1.03138
1.03128
1.03103
1.03087
1.0307
1.03054
1.03038
1.03029
1.03029
1.0304
1.03047
1.03059
1.0306
1.0306
1.03062
1.03078
1.03084
1.03094
1.03099
1.03108
1.03107
1.03112
1.03117
1.03124
1.03128
1.03136
1.03143
1.0315
1.0315
1.03164
1.03167
1.03169
1.03175
1.03175
1.03167
1.03159
1.03156
1.03157
1.03158
1.03159
1.03159
1.03149
1.03147
1.03141
1.03139
1.03129
1.03127
1.0312
1.03117
1.03113
1.03113
1.03109
1.03106
1.03099
1.03095
1.03102
1.03104
1.03094
1.03081
1.03073
1.03074
1.03076
1.03075
1.03085
1.03089
1.03086
1.0308
1.03079
1.03078
1.03086
1.03096
1.03109
1.0311
1.03114
1.03127
1.03141
1.03152
1.03157
1.0316
1.03163
1.0317
1.03167
1.03164
1.03165
1.03167
1.03171
1.03178
1.03185
1.03186
1.03192
1.03196
1.032
1.0321
1.03218
1.03229
1.03243
1.03249
1.03251
1.03255
1.03263
1.03275
1.03282
1.03286
1.03281
1.03287
1.03284
1.03288
1.03282
1.03272
1.03249
1.03235
1.03222
1.03208
1.03194
1.03183
1.03175
1.03164
1.0315
1.03141
1.03143
1.03141
1.03142
1.03139
1.03136
1.03137
1.03149
1.03156
1.03153
1.03149
1.03147
1.03144
1.03152
1.03153
1.03166
1.03166
1.03158
1.03156
1.03156
1.03162
1.03174
1.03176
1.03176
1.03174
1.03171
1.03169
1.03173
1.03174
1.03163
1.03155
1.0316
1.0316
1.03159
1.03149
1.03141
1.03138
1.0314
1.0313
1.0313
1.03126
1.03135
1.03139
1.03147
1.03138
1.03146
1.03156
1.03167
1.03173
1.03178
1.03185
1.03192
1.03202
1.03215
1.03214
1.03226
1.03231
1.03246
1.03241
1.03246
1.03244
1.03236
1.03248
1.03261
1.03258
1.03256
1.03257
1.03262
1.03255
1.03249
1.03246
1.03243
1.0323
1.03221
1.03211
1.03205
1.03191
1.03175
1.03167
1.03164
1.03166
1.03162
1.03156
1.03166
1.03192
1.03216
1.03227
1.03216
1.03215
1.03234
1.03267
1.03286
1.03298
1.03304
1.03308
1.03315
1.03322
1.03334
1.03333
1.03333
1.03328
1.03332
1.03338
1.03337
1.03333
1.03336
1.03329
1.03318
1.03312
1.0331
1.03309
1.03296
1.0329
1.0328
1.03278
1.03271
1.03272
1.03272
1.03267
1.03261
1.03252
1.03242
1.03234
1.03237
1.03229
1.03212
1.03203
1.03197
1.03188
